2.46267e-05,4.92657e-05,7.39302e-05,9.86332e-05,0.000123388,0.000148206,0.000173101,0.000198084,0.000223167,0.00024836,0.000273674,0.000299119,0.000324702,0.000350432,0.000376315,0.000402357,0.000428562,0.000454933,0.000481472,0.000508177,0.000535047,0.000562077,0.000589261,0.000616589,0.000644049,0.000671626,0.000699303,0.000727057,0.000754863,0.00078269,0.000810506,0.000838269,0.000865935,0.000893454,0.000920769,0.000947816,0.000974524,0.00100081,0.0010266,0.00105179,0.00107626,0.00109992,0.00112263,0.00114425,0.00116464,0.00118363,0.00120105,0.00121671,0.00123041,0.00124194,0.00125108,0.00125759,0.00126121,0.00126169,0.00125877,0.00125216,0.00124161,0.00122682,0.00120754,0.0011835,0.00115447,0.00112022,0.00108058,0.00103539,0.000984568,0.000928067,0.000865921,0.000798234,0.000725196,0.000647084,0.000564267,0.000477205,0.000386446,0.000292619,0.000196425,9.86198e-05,0,7.03546e-05,0.000139412,0.000205906,0.000268625,0.000326447,0.000378353,0.000423452,0.000460993,0.000490376,0.00051116,0.000523063,0.000525963,0.000519893,0.000505033,0.000481707,0.00045037,0.000411597,0.000366072,0.000314577,0.000257976,0.000197206,0.000133258,6.71683e-05
4.9241e-05,9.85068e-05,0.000147824,0.000197218,0.000246715,0.000296341,0.00034612,0.000396076,0.000446231,0.000496609,0.000547228,0.000598109,0.000649268,0.000700722,0.000752484,0.000804564,0.000856973,0.000909715,0.000962793,0.00101621,0.00106995,0.00112402,0.0011784,0.00123307,0.001288,0.00134317,0.00139855,0.00145408,0.00150973,0.00156542,0.00162109,0.00167666,0.00173204,0.00178714,0.00184183,0.001896,0.00194949,0.00200216,0.00205383,0.0021043,0.00215338,0.00220082,0.00224637,0.00228976,0.0023307,0.00236885,0.00240388,0.0024354,0.00246302,0.00248631,0.00250482,0.00251808,0.00252558,0.00252681,0.00252124,0.0025083,0.00248746,0.00245816,0.00241985,0.00237202,0.00231417,0.00224586,0.00216672,0.00207644,0.00197483,0.0018618,0.0017374,0.00160183,0.00145548,0.00129888,0.00113279,0.000958115,0.000775966,0.000587611,0.000394465,0.000198057,0,0.000142006,0.000281389,0.000415585,0.00054215,0.000658811,0.000763515,0.000854463,0.000930143,0.000989352,0.0010312,0.00105513,0.0010609,0.00104858,0.00101853,0.000971427,0.000908177,0.000829947,0.000738116,0.00063426,0.000520123,0.000397589,0.000268659,0.000135415
7.38317e-05,0.000147701,0.000221646,0.000295709,0.000369926,0.000444338,0.000518979,0.000593888,0.000669097,0.000744641,0.000820549,0.000896852,0.000973574,0.00105074,0.00112837,0.00120649,0.00128509,0.00136421,0.00144383,0.00152396,0.00160459,0.00168571,0.0017673,0.00184933,0.00193178,0.00201458,0.0020977,0.00218107,0.00226461,0.00234823,0.00243184,0.00251531,0.00259851,0.0026813,0.0027635,0.00284492,0.00292536,0.00300459,0.00308233,0.00315831,0.0032322,0.00330368,0.00337235,0.00343782,0.00349962,0.00355729,0.00361029,0.00365807,0.00370003,0.00373553,0.0037639,0.0037844,0.0037963,0.00379882,0.00379113,0.00377242,0.00374185,0.00369857,0.00364176,0.00357061,0.00348439,0.00338239,0.00326405,0.00312888,0.00297656,0.00280694,0.00262007,0.00241626,0.00219603,0.00196022,0.00170992,0.00144652,0.00117171,0.000887409,0.000595777,0.000299152,0,0.000216282,0.000428553,0.000632896,0.000825579,0.00100313,0.00116243,0.00130074,0.00141577,0.00150569,0.00156917,0.00160537,0.00161393,0.00159498,0.0015491,0.00147729,0.00138097,0.0012619,0.00112219,0.000964226,0.000790668,0.000604372,0.000408374,0.000205833
9.8387e-05,0.000196824,0.000295364,0.00039406,0.000492965,0.000592129,0.000691602,0.000791433,0.000891668,0.000992352,0.00109352,0.00119523,0.00129749,0.00140036,0.00150385,0.00160798,0.00171278,0.00181827,0.00192444,0.00203129,0.00213882,0.00224702,0.00235585,0.00246529,0.00257529,0.00268579,0.00279672,0.002908,0.00301952,0.00313118,0.00324284,0.00335435,0.00346552,0.00357617,0.00368607,0.00379496,0.00390259,0.00400862,0.00411272,0.00421452,0.00431359,0.00440948,0.00450168,0.00458966,0.00467282,0.00475051,0.00482206,0.0048867,0.00494364,0.00499202,0.00503095,0.00505946,0.00507654,0.00508114,0.00507217,0.00504853,0.00500905,0.00495262,0.0048781,0.00478439,0.00467047,0.00453538,0.00437829,0.00419855,0.00399566,0.00376939,0.00351978,0.00324716,0.00295224,0.00263609,0.00230018,0.00194639,0.00157698,0.00119456,0.000802099,0.000402784,0,0.000294569,0.000583646,0.00086187,0.00112414,0.00136572,0.00158235,0.00177031,0.00192651,0.00204847,0.00213442,0.00218324,0.00219448,0.00216832,0.0021056,0.00200768,0.00187651,0.0017145,0.00152451,0.0013098,0.00107395,0.000820861,0.000554632,0.000279545
0.000122895,0.000245854,0.000368942,0.000492226,0.000615773,0.000739647,0.00086391,0.000988624,0.00111385,0.00123963,0.00136604,0.00149311,0.0016209,0.00174944,0.00187876,0.00200891,0.0021399,0.00227175,0.00240447,0.00253806,0.00267252,0.00280782,0.00294394,0.00308083,0.00321845,0.00335671,0.00349554,0.00363483,0.00377447,0.0039143,0.00405417,0.00419388,0.00433323,0.00447196,0.00460981,0.00474646,0.00488158,0.00501477,0.00514561,0.00527364,0.00539834,0.00551914,0.00563542,0.00574651,0.00585166,0.00595008,0.00604091,0.00612321,0.00619598,0.00625815,0.0063086,0.00634611,0.00636942,0.0063772,0.00636807,0.00634061,0.00629338,0.00622492,0.00613377,0.00601853,0.00587785,0.00571048,0.00551533,0.00529148,0.00503826,0.0047553,0.00444257,0.00410045,0.00372975,0.00333179,0.00290839,0.00246193,0.00199528,0.0015118,0.0010153,0.000509901,0,0.00037835,0.000749593,0.0011068,0.00144339,0.00175326,0.00203093,0.00227166,0.00247148,0.00262728,0.00273682,0.0027987,0.00281242,0.00277825,0.00269729,0.00257134,0.0024029,0.00219509,0.00195156,0.0016765,0.00137449,0.00105049,0.000709748,0.000357715
0.000147345,0.000294765,0.000442344,0.000590159,0.000738293,0.000886822,0.00103582,0.00118537,0.00133553,0.00148638,0.00163797,0.00179038,0.00194365,0.00209783,0.00225298,0.00240912,0.00256629,0.0027245,0.00288378,0.00304413,0.00320553,0.00336798,0.00353142,0.00369583,0.00386114,0.00402725,0.00419409,0.00436152,0.00452941,0.00469759,0.00486586,0.00503401,0.00520177,0.00536887,0.00553498,0.00569973,0.00586272,0.00602349,0.00618155,0.00633633,0.00648723,0.00663356,0.0067746,0.00690953,0.00703748,0.00715749,0.00726853,0.00736948,0.00745915,0.00753625,0.00759941,0.00764719,0.00767805,0.00769038,0.0076825,0.00765268,0.00759914,0.00752009,0.00741373,0.00727829,0.00711209,0.00691354,0.00668121,0.00641392,0.00611074,0.00577112,0.00539489,0.00498243,0.00453462,0.00405301,0.00353976,0.00299773,0.00243047,0.00184212,0.00123742,0.000621542,0,0.000469236,0.000929578,0.00137236,0.00178936,0.002173,0.00251647,0.00281392,0.00306048,0.00325237,0.00338687,0.00346235,0.00347825,0.00343499,0.00333398,0.0031775,0.00296868,0.00271139,0.00241016,0.00207016,0.00169703,0.00129688,0.000876155,0.000441567
0.000171723,0.000343535,0.000515533,0.000687811,0.000860463,0.00103358,0.00120726,0.00138157,0.00155662,0.00173247,0.00190921,0.0020869,0.00226561,0.00244541,0.00262634,0.00280846,0.00299179,0.00317637,0.00336221,0.00354932,0.0037377,0.00392733,0.00411816,0.00431015,0.00450324,0.00469732,0.00489228,0.00508801,0.00528432,0.00548104,0.00567794,0.00587478,0.00607125,0.00626705,0.00646178,0.00665504,0.00684637,0.00703523,0.00722105,0.0074032,0.00758097,0.00775358,0.00792018,0.00807983,0.00823152,0.00837415,0.00850652,0.00862732,0.00873517,0.00882856,0.0089059,0.00896547,0.00900548,0.00902403,0.00901913,0.00898871,0.00893066,0.00884281,0.00872299,0.00856905,0.0083789,0.00815057,0.00788227,0.00757244,0.00721985,0.00682369,0.00638361,0.00589988,0.00537343,0.00480597,0.00419999,0.00355886,0.00288681,0.00218885,0.00147075,0.000738872,0,0.000569018,0.00112713,0.00166371,0.00216871,0.0026329,0.00304805,0.00340708,0.00370418,0.00393486,0.00409595,0.00418561,0.00420325,0.0041495,0.00402615,0.00383603,0.00358295,0.00327163,0.00290756,0.00249694,0.00204659,0.00156384,0.00105643,0.000532397
0.000196017,0.000392137,0.000588472,0.000785131,0.000982222,0.00117985,0.00137812,0.00157714,0.001777,0.00197779,0.00217961,0.00238253,0.00258664,0.00279201,0.0029987,0.00320676,0.00341623,0.00362717,0.00383958,0.00405348,0.00426886,0.00448571,0.00470399,0.00492365,0.0051446,0.00536676,0.00559001,0.00581419,0.00603912,0.00626461,0.0064904,0.00671622,0.00694174,0.0071666,0.00739039,0.00761263,0.00783281,0.00805034,0.00826458,0.0084748,0.00868022,0.00887995,0.00907304,0.00925844,0.00943498,0.00960143,0.00975641,0.00989846,0.010026,0.0101373,0.0102305,0.0103036,0.0103547,0.0103815,0.0103816,0.0103527,0.0102923,0.0101978,0.0100667,0.00989628,0.00968414,0.00942782,0.00912508,0.00877393,0.00837275,0.00792036,0.00741615,0.00686021,0.00625342,0.00559758,0.00489549,0.00415103,0.00336912,0.00255578,0.00171791,0.000863226,0,0.000679711,0.0013462,0.00198663,0.00258888,0.00314186,0.00363575,0.00406217,0.00441431,0.00468695,0.00487649,0.0049809,0.00499964,0.00493363,0.0047851,0.00455752,0.00425548,0.00388463,0.00345151,0.00296347,0.00242858,0.00185549,0.00125333,0.000631591
0.000220214,0.000440546,0.000661122,0.000882068,0.0011035,0.00132556,0.00154834,0.00177197,0.00199656,0.00222222,0.00244905,0.00267714,0.00290659,0.00313748,0.00336987,0.00360385,0.00383945,0.00407672,0.0043157,0.0045564,0.00479882,0.00504294,0.00528873,0.00553614,0.00578507,0.00603545,0.00628712,0.00653994,0.00679372,0.00704822,0.00730319,0.00755832,0.00781326,0.00806761,0.00832091,0.00857266,0.00882228,0.00906913,0.0093125,0.0095516,0.00978554,0.0100134,0.010234,0.0104463,0.0106489,0.0108406,0.0110196,0.0111845,0.0113334,0.0114644,0.0115755,0.0116643,0.0117286,0.0117659,0.0117734,0.0117485,0.0116883,0.0115898,0.0114499,0.0112656,0.0110339,0.0107518,0.0104166,0.0100257,0.0095771,0.00906907,0.00850064,0.00787158,0.00718262,0.00643559,0.00563351,0.00478074,0.00388299,0.0029473,0.00198193,0.000996158,0,0.000803625,0.00159135,0.00234775,0.00305833,0.00370992,0.00429093,0.00479157,0.00520396,0.00552216,0.00574218,0.00586187,0.00588082,0.0058003,0.00562312,0.00535348,0.00499686,0.00455993,0.00405038,0.00347686,0.00284876,0.0021762,0.00146982,0.000740639
0.000244301,0.000488735,0.000733443,0.000978567,0.00122425,0.00147062,0.00171781,0.00196596,0.00221519,0.00246563,0.00271739,0.00297057,0.00322529,0.00348164,0.0037397,0.00399954,0.00426124,0.00452484,0.00479039,0.0050579,0.00532738,0.00559882,0.00587219,0.00614743,0.00642446,0.00670318,0.00698346,0.00726512,0.00754797,0.00783177,0.00811623,0.00840103,0.00868579,0.00897008,0.00925342,0.00953525,0.00981496,0.0100919,0.0103652,0.010634,0.0108974,0.0111544,0.0114038,0.0116442,0.0118744,0.0120927,0.0122975,0.012487,0.0126592,0.012812,0.0129431,0.0130499,0.01313,0.0131804,0.0131981,0.0131801,0.013123,0.0130234,0.0128778,0.0126827,0.0124343,0.0121292,0.011764,0.0113356,0.0108411,0.0102785,0.00964598,0.00894306,0.0081701,0.00732881,0.00642237,0.00545556,0.0044349,0.00336859,0.00226641,0.00113951,0,0.000943444,0.00186782,0.00275468,0.0035868,0.00434859,0.0050265,0.00560923,0.0060878,0.00645559,0.00670824,0.00684359,0.00686148,0.00676367,0.00655363,0.00623643,0.00581856,0.00530785,0.00471327,0.00404483,0.00331344,0.00253077,0.00170909,0.000861152
0.000268263,0.000536675,0.000805393,0.00107457,0.00134437,0.00161495,0.00188644,0.002159,0.00243277,0.00270789,0.00298448,0.00326267,0.00354259,0.00382432,0.00410798,0.00439365,0.00468141,0.00497131,0.00526341,0.00555774,0.00585431,0.00615312,0.00645413,0.0067573,0.00706255,0.00736977,0.00767882,0.00798954,0.00830171,0.00861509,0.00892937,0.00924422,0.00955924,0.00987398,0.0101879,0.0105005,0.010811,0.0111187,0.0114228,0.0117223,0.0120163,0.0123036,0.0125829,0.012853,0.0131122,0.0133588,0.0135912,0.0138073,0.0140049,0.0141818,0.0143353,0.0144629,0.0145614,0.0146279,0.014659,0.0146512,0.0146007,0.0145035,0.0143558,0.0141533,0.0138918,0.0135671,0.013175,0.0127117,0.0121737,0.0115579,0.0108621,0.0100848,0.00922614,0.00828739,0.00727176,0.00618439,0.00503258,0.00382583,0.00257569,0.00129553,0,0.00110233,0.00218181,0.00321638,0.00418559,0.00507114,0.00585728,0.00653108,0.00708246,0.00750417,0.00779163,0.00794279,0.00795788,0.0078393,0.00759134,0.00722007,0.00673315,0.00613967,0.00545003,0.00467576,0.00382941,0.00292434,0.00197464,0.00099488
0.000292086,0.000584337,0.000876927,0.00117003,0.00146382,0.00175846,0.00205413,0.00235098,0.00264917,0.00294885,0.00325018,0.00355328,0.00385829,0.00416534,0.00447453,0.00478597,0.00509974,0.00541591,0.00573456,0.00605571,0.00637939,0.0067056,0.00703432,0.00736551,0.00769909,0.00803496,0.00837297,0.00871297,0.00905472,0.00939798,0.00974245,0.0100878,0.0104335,0.0107792,0.0111243,0.0114682,0.0118103,0.0121496,0.0124854,0.0128167,0.0131424,0.0134613,0.013772,0.0140731,0.014363,0.0146398,0.0149017,0.0151466,0.0153719,0.0155754,0.0157542,0.0159053,0.0160255,0.0161115,0.0161594,0.0161654,0.0161253,0.0160347,0.015889,0.0156834,0.0154129,0.0150726,0.0146576,0.014163,0.0135844,0.0129177,0.0121598,0.0113083,0.0103625,0.00932308,0.00819307,0.00697781,0.00568535,0.00432656,0.00291508,0.00146694,0,0.00128409,0.0025407,0.00374345,0.00486807,0.00589311,0.00680042,0.00757537,0.00820682,0.00868703,0.00901137,0.00917807,0.009188,0.00904433,0.00875239,0.00831939,0.00775431,0.00706767,0.00627144,0.00537881,0.0044041,0.00336258,0.00227025,0.00114373
0.000315755,0.000631692,0.000948002,0.00126488,0.00158251,0.00190108,0.00222077,0.00254177,0.00286425,0.00318837,0.00351431,0.00384221,0.00417223,0.00450449,0.00483913,0.00517627,0.00551599,0.0058584,0.00620356,0.00655153,0.00690233,0.00725599,0.00761249,0.00797178,0.00833381,0.00869848,0.00906564,0.00943514,0.00980675,0.0101802,0.0105552,0.0109314,0.0113084,0.0116856,0.0120625,0.0124385,0.0128129,0.0131847,0.0135533,0.0139174,0.0142759,0.0146277,0.0149713,0.0153051,0.0156274,0.0159364,0.01623,0.0165058,0.0167615,0.0169943,0.0172012,0.0173791,0.0175245,0.0176335,0.0177022,0.0177263,0.0177011,0.0176216,0.0174826,0.0172788,0.0170043,0.0166534,0.0162202,0.0156987,0.0150835,0.0143692,0.0135513,0.0126265,0.0115926,0.0104496,0.00919986,0.00784862,0.00640459,0.00488011,0.0032912,0.00165721,0,0.00149333,0.00295345,0.00434867,0.00565015,0.00683284,0.00787596,0.00876318,0.00948247,0.0100258,0.0103888,0.0105702,0.0105717,0.0103977,0.0100545,0.00955084,0.00889706,0.00810531,0.00718926,0.00616395,0.00504564,0.00385163,0.00260008,0.00130978
0.000339255,0.000678707,0.00101857,0.00135905,0.00170036,0.00204269,0.00238626,0.00273126,0.00307788,0.00342631,0.00377672,0.0041293,0.0044842,0.00484157,0.00520157,0.00556432,0.00592994,0.00629852,0.00667017,0.00704493,0.00742287,0.007804,0.00818833,0.00857581,0.00896641,0.00936002,0.00975652,0.0101557,0.0105575,0.0109615,0.0113674,0.0117749,0.0121836,0.0125929,0.0130022,0.0134111,0.0138185,0.0142239,0.0146261,0.0150242,0.0154169,0.015803,0.016181,0.0165492,0.0169059,0.0172491,0.0175766,0.017886,0.0181746,0.0184397,0.018678,0.0188861,0.0190603,0.0191965,0.0192904,0.0193371,0.0193316,0.0192684,0.0191417,0.0189453,0.0186726,0.018317,0.0178714,0.0173287,0.016682,0.0159246,0.0150503,0.014054,0.0129322,0.0116832,0.0103084,0.00881242,0.00720443,0.0054982,0.00371251,0.00187077,0,0.0017358,0.00343111,0.00504764,0.00655105,0.00791216,0.00910743,0.010119,0.0109341,0.011545,0.0119478,0.0121422,0.0121311,0.0119202,0.0115172,0.0109324,0.0101778,0.00926728,0.00821638,0.00704213,0.00576291,0.00439825,0.00296865,0.00149532
0.000362567,0.000725351,0.00108858,0.00145248,0.00181729,0.00218321,0.00255048,0.00291931,0.00328991,0.00366248,0.00403723,0.00441434,0.00479399,0.00517636,0.0055616,0.00594987,0.0063413,0.006736,0.00713408,0.00753563,0.00794069,0.00834931,0.00876151,0.00917727,0.00959654,0.0100192,0.0104453,0.0108744,0.0113066,0.0117414,0.0121786,0.0126179,0.0130588,0.0135007,0.0139432,0.0143856,0.0148271,0.0152668,0.0157038,0.0161371,0.0165653,0.0169872,0.0174011,0.0178056,0.0181986,0.0185782,0.018942,0.0192875,0.019612,0.0199125,0.0201856,0.0204277,0.0206348,0.0208025,0.0209262,0.0210007,0.0210204,0.0209793,0.020871,0.0206886,0.0204245,0.0200711,0.0196202,0.0190632,0.0183917,0.0175972,0.0166715,0.0156075,0.0143992,0.0130429,0.0115382,0.00988849,0.0081027,0.0061959,0.00418998,0.0021134,0,0.00201875,0.00398757,0.00585974,0.00759428,0.00915735,0.0105227,0.0116711,0.0125901,0.0132723,0.0137151,0.0139197,0.0138905,0.0136347,0.0131619,0.0124838,0.0116145,0.0105697,0.00936688,0.00802531,0.00656564,0.00500983,0.00338095,0.00170285
0.000385677,0.000771589,0.00115798,0.00154511,0.00193321,0.00232254,0.00271332,0.00310579,0.00350019,0.00389674,0.00429565,0.00469714,0.0051014,0.00550862,0.00591899,0.00633267,0.00674981,0.00717055,0.00759501,0.00802328,0.00845546,0.00889158,0.00933169,0.00977578,0.0102238,0.0106757,0.0111315,0.0115908,0.0120536,0.0125196,0.0129885,0.01346,0.0139336,0.0144088,0.0148851,0.0153618,0.0158381,0.0163132,0.0167861,0.0172557,0.0177208,0.0181799,0.0186316,0.0190741,0.0195055,0.0199237,0.0203264,0.0207108,0.0210742,0.0214134,0.021725,0.022005,0.0222493,0.0224533,0.022612,0.0227198,0.0227707,0.0227582,0.0226752,0.022514,0.0222663,0.0219233,0.0214754,0.0209128,0.020225,0.0194014,0.0184316,0.0173056,0.0160144,0.0145515,0.0129132,0.0111009,0.00912218,0.00699288,0.0047382,0.00239293,0,0.00235164,0.00464068,0.0068095,0.008809,0.0106003,0.0121548,0.0134529,0.0144829,0.0152391,0.0157207,0.0159311,0.0158766,0.0155663,0.0150117,0.0142266,0.0132268,0.0120301,0.0106562,0.00912661,0.00746453,0.00569453,0.00384247,0.00193514
0.000408566,0.000817385,0.00122673,0.00163686,0.00204805,0.00246056,0.00287464,0.00329056,0.00370857,0.0041289,0.00455179,0.00497748,0.00540619,0.00583811,0.00627347,0.00671243,0.00715517,0.00760185,0.00805261,0.00850756,0.00896681,0.00943043,0.00989846,0.0103709,0.0108478,0.0113291,0.0118147,0.0123044,0.0127981,0.0132956,0.0137966,0.0143007,0.0148075,0.0153166,0.0158273,0.0163391,0.0168511,0.0173626,0.0178725,0.0183797,0.018883,0.019381,0.0198721,0.0203546,0.0208265,0.0212857,0.0217297,0.022156,0.0225614,0.0229429,0.0232966,0.0236188,0.0239049,0.0241502,0.0243493,0.0244964,0.024585,0.0246082,0.0245582,0.0244265,0.0242041,0.0238809,0.0234461,0.0228881,0.0221945,0.0213524,0.0203484,0.0191691,0.0178019,0.0162357,0.0144626,0.01248,0.0102924,0.0079154,0.00537713,0.00272018,0,0.00274713,0.00541404,0.0079286,0.0102319,0.0122802,0.0140433,0.0155029,0.0166495,0.0174804,0.0179977,0.0182075,0.0181185,0.0177422,0.0170922,0.0161842,0.015036,0.0136677,0.0121012,0.0103605,0.00847136,0.00646133,0.00435928,0.00219524
0.000431215,0.000862704,0.00129476,0.00172766,0.0021617,0.00259717,0.00303433,0.00347348,0.00391487,0.00435878,0.00480545,0.00525515,0.00570812,0.00616458,0.00662475,0.00708885,0.00755707,0.00802957,0.00850654,0.0089881,0.00947437,0.00996546,0.0104614,0.0109623,0.0114681,0.0119789,0.0124944,0.0130147,0.0135396,0.0140689,0.0146022,0.0151394,0.01568,0.0162235,0.0167693,0.0173169,0.0178656,0.0184144,0.0189623,0.0195084,0.0200513,0.0205897,0.021122,0.0216465,0.0221611,0.0226637,0.0231518,0.0236227,0.0240735,0.0245008,0.0249008,0.0252694,0.0256022,0.0258941,0.0261395,0.0263323,0.0264656,0.0265322,0.0265235,0.0264306,0.0262433,0.0259507,0.0255405,0.0249994,0.0243131,0.0234658,0.0224409,0.0212211,0.0197887,0.0181271,0.016222,0.0140641,0.0116525,0.00899934,0.00613485,0.00311076,0,0.00322284,0.00633977,0.00925893,0.01191,0.0142452,0.0162354,0.0178659,0.0191319,0.0200353,0.0205824,0.0207827,0.0206479,0.020192,0.0194307,0.0183819,0.0170655,0.0155036,0.0137205,0.0117428,0.00959915,0.00732016,0.0049381,0.00248655
0.000453606,0.000907507,0.00136201,0.00181743,0.00227408,0.00273225,0.00319225,0.00365438,0.00411893,0.00458618,0.00505642,0.00552992,0.00600695,0.00648775,0.00697257,0.00746163,0.00795517,0.00845337,0.00895643,0.0094645,0.00997772,0.0104962,0.0110201,0.0115494,0.0120842,0.0126245,0.0131702,0.0137212,0.0142775,0.0148388,0.0154049,0.0159756,0.0165503,0.0171288,0.0177105,0.0182947,0.0188808,0.0194678,0.020055,0.0206412,0.0212252,0.0218055,0.0223808,0.0229491,0.0235086,0.024057,0.0245919,0.0251106,0.02561,0.0260868,0.0265371,0.0269568,0.0273413,0.0276852,0.0279831,0.0282283,0.0284139,0.028532,0.0285739,0.0285297,0.0283886,0.0281387,0.0277664,0.0272568,0.0265932,0.0257574,0.024729,0.023486,0.0220052,0.0202624,0.0182346,0.0159022,0.0132543,0.0102948,0.00705232,0.0035881,0,0.00380446,0.00746331,0.0108573,0.0139041,0.0165552,0.0187873,0.0205935,0.0219771,0.0229466,0.023514,0.0236929,0.0234985,0.0229471,0.0220568,0.0208473,0.0193405,0.0175607,0.0155344,0.0132911,0.0108623,0.00828211,0.00558644,0.00281284
0.000475719,0.000951754,0.00142844,0.0019061,0.00238507,0.00286568,0.00334826,0.00383311,0.00432056,0.00481091,0.00530448,0.00580155,0.00630241,0.00680733,0.0073166,0.00783045,0.00834914,0.00887288,0.00940189,0.00993635,0.0104764,0.0110223,0.0115741,0.0121318,0.0126956,0.0132654,0.0138414,0.0144233,0.0150112,0.0156048,0.016204,0.0168085,0.0174179,0.0180319,0.01865,0.0192715,0.0198958,0.0205222,0.0211496,0.0217772,0.0224035,0.0230274,0.0236474,0.0242615,0.0248681,0.0254648,0.0260492,0.0266187,0.0271702,0.0277002,0.028205,0.0286804,0.0291216,0.0295235,0.0298801,0.0301849,0.0304306,0.030609,0.030711,0.0307264,0.0306436,0.0304498,0.0301303,0.0296687,0.0290463,0.028242,0.027232,0.0259894,0.0244841,0.0226833,0.020552,0.0180563,0.0151678,0.0118737,0.00819162,0.00418943,0,0.0045317,0.0088517,0.012803,0.016294,0.0192844,0.0217651,0.0237439,0.0252362,0.0262601,0.0268341,0.0269767,0.0267061,0.0260413,0.0250022,0.0236101,0.0218887,0.0198642,0.0175656,0.0150249,0.012277,0.00935957,0.0063127,0.00317839
0.000497534,0.000995405,0.00149397,0.00199358,0.00249459,0.00299735,0.00350221,0.00400951,0.00451958,0.00503277,0.00554939,0.00606977,0.00659423,0.00712305,0.00765653,0.00819496,0.0087386,0.0092877,0.0098425,0.0104032,0.01097,0.0115432,0.0121227,0.0127089,0.0133016,0.0139011,0.0145074,0.0151203,0.0157399,0.0163661,0.0169986,0.0176373,0.0182818,0.0189319,0.0195869,0.0202465,0.0209099,0.0215764,0.0222452,0.0229152,0.0235854,0.0242544,0.0249207,0.0255827,0.0262384,0.0268859,0.0275226,0.0281458,0.0287527,0.0293398,0.0299033,0.0304391,0.0309424,0.0314079,0.0318298,0.0322014,0.0325153,0.0327632,0.0329356,0.0330221,0.0330105,0.0328873,0.0326371,0.0322421,0.0316819,0.030933,0.0299683,0.028756,0.0272591,0.0254349,0.0232343,0.0206034,0.0174872,0.0138407,0.00965122,0.0049781,0,0.00547064,0.0106089,0.0152088,0.0191847,0.0225233,0.0252448,0.0273809,0.028964,0.0300237,0.0305859,0.0306736,0.0303081,0.02951,0.0283005,0.0267022,0.02474,0.0224419,0.0198389,0.0169659,0.0138612,0.0105665,0.00712644,0.00358802
0.00051903,0.00103842,0.00155855,0.00207979,0.00260252,0.00312712,0.00365396,0.0041834,0.0047158,0.00525153,0.00579093,0.00633435,0.00688212,0.00743458,0.00799204,0.00855481,0.00912318,0.00969744,0.0102778,0.0108646,0.0114581,0.0120583,0.0126656,0.01328,0.0139018,0.0145309,0.0151675,0.0158115,0.016463,0.0171219,0.0177881,0.0184612,0.0191413,0.0198278,0.0205204,0.0212186,0.0219218,0.0226294,0.0233405,0.0240542,0.0247695,0.025485,0.0261994,0.0269111,0.0276182,0.0283187,0.0290103,0.0296904,0.0303561,0.031004,0.0316304,0.0322313,0.0328019,0.033337,0.0338308,0.0342766,0.0346671,0.0349938,0.0352472,0.0354166,0.0354898,0.0354527,0.0352894,0.0349813,0.0345068,0.0338406,0.0329528,0.0318077,0.030362,0.0285634,0.0263475,0.0236362,0.0203373,0.0163508,0.0115947,0.00607185,0,0.006742,0.0129043,0.0182388,0.0227128,0.0263793,0.0293101,0.031571,0.0332153,0.0342848,0.0348121,0.0348239,0.0343428,0.0333903,0.0319878,0.0301583,0.0279275,0.0253244,0.0223824,0.0191387,0.0156356,0.0119189,0.00803852,0.00404726
0.000540185,0.00108075,0.0016221,0.00216464,0.00270877,0.00325487,0.00380336,0.00435461,0.00490903,0.00546698,0.00602884,0.006595,0.00716581,0.00774162,0.00832278,0.00890963,0.00950249,0.0101017,0.0107075,0.0113201,0.01194,0.0125672,0.0132021,0.0138447,0.0144954,0.0151541,0.015821,0.0164962,0.0171797,0.0178715,0.0185714,0.0192794,0.0199952,0.0207186,0.0214493,0.0221867,0.0229305,0.02368,0.0244344,0.0251928,0.0259544,0.0267179,0.0274819,0.0282451,0.0290057,0.0297616,0.0305107,0.0312506,0.0319783,0.0326907,0.0333842,0.0340548,0.0346979,0.0353085,0.0358808,0.0364082,0.0368836,0.0372985,0.0376437,0.0379083,0.0380802,0.0381453,0.0380874,0.0378877,0.0375241,0.0369705,0.0361953,0.0351605,0.0338185,0.0321096,0.0299565,0.0272571,0.0238752,0.0196308,0.0143052,0.00771473,0,0.00859306,0.0160277,0.0221294,0.0270485,0.030971,0.0340454,0.0363777,0.0380416,0.0390882,0.0395542,0.039467,0.0388491,0.0377207,0.0361022,0.0340159,0.0314873,0.0285462,0.0252274,0.0215712,0.0176234,0.013435,0.00906154,0.00456251
0.000560977,0.00112236,0.00168457,0.00224805,0.0028132,0.00338046,0.00395024,0.00452297,0.00509904,0.00567888,0.00626289,0.00685145,0.00744497,0.00804382,0.00864839,0.00925903,0.0098761,0.0104999,0.0111309,0.0117692,0.0124153,0.0130693,0.0137316,0.0144023,0.0150817,0.01577,0.0164672,0.0171736,0.0178891,0.0186138,0.0193477,0.0200907,0.0208426,0.0216033,0.0223724,0.0231497,0.0239346,0.0247267,0.0255252,0.0263295,0.0271385,0.0279513,0.0287666,0.029583,0.0303989,0.0312124,0.0320216,0.032824,0.0336169,0.0343974,0.035162,0.0359068,0.0366276,0.0373194,0.0379766,0.038593,0.0391615,0.0396741,0.0401216,0.0404936,0.0407782,0.0409616,0.041028,0.0409589,0.0407324,0.0403226,0.0396983,0.038821,0.0376425,0.0361006,0.0341122,0.0315609,0.028276,0.0239922,0.0182808,0.010482,0,0.0116026,0.020484,0.0272025,0.0323809,0.0364111,0.039523,0.0418531,0.0434853,0.0444724,0.0448495,0.0446411,0.043866,0.0425414,0.0406846,0.0383159,0.0354597,0.0321456,0.0284099,0.0242954,0.019852,0.0151361,0.0102102,0.00514126
0.000581383,0.0011632,0.00174589,0.00232992,0.00291572,0.00350375,0.00409446,0.00468828,0.00528565,0.00588701,0.00649279,0.00710342,0.0077193,0.00834087,0.00896851,0.00960262,0.0102436,0.0108918,0.0115476,0.0122113,0.0128834,0.013564,0.0142535,0.0149521,0.0156601,0.0163778,0.0171053,0.0178428,0.0185903,0.019348,0.020116,0.0208941,0.0216823,0.0224806,0.0232886,0.0241061,0.0249328,0.0257681,0.0266116,0.0274625,0.0283201,0.0291834,0.0300513,0.0309225,0.0317956,0.0326689,0.0335404,0.034408,0.0352692,0.0361212,0.0369607,0.0377841,0.0385874,0.0393659,0.0401143,0.0408267,0.0414965,0.0421158,0.0426761,0.0431674,0.0435784,0.043896,0.0441051,0.0441882,0.0441247,0.04389,0.0434549,0.0427834,0.0418306,0.0405389,0.0388312,0.0365988,0.0336763,0.0297814,0.0243442,0.0159326,0,0.0173332,0.0271035,0.033816,0.0388617,0.0427697,0.0457824,0.0480267,0.0495741,0.0504669,0.0507306,0.0503819,0.0494327,0.0478942,0.0457791,0.0431036,0.0398899,0.0361669,0.0319713,0.0273486,0.0223531,0.0170474,0.0115018,0.00579237
0.000601381,0.00120322,0.00180598,0.00241015,0.0030162,0.00362461,0.00423584,0.00485035,0.00546863,0.00609113,0.0067183,0.0073506,0.00798849,0.00863239,0.00928275,0.00993999,0.0106045,0.0112768,0.0119571,0.012646,0.0133437,0.0140506,0.0147671,0.0154934,0.0162299,0.0169768,0.0177344,0.0185029,0.0192824,0.0200731,0.0208751,0.0216885,0.0225132,0.0233492,0.0241964,0.0250546,0.0259234,0.0268026,0.0276917,0.0285901,0.0294972,0.0304121,0.0313339,0.0322614,0.0331934,0.0341283,0.0350644,0.0359997,0.036932,0.0378586,0.0387767,0.0396828,0.0405732,0.0414436,0.0422892,0.0431043,0.0438829,0.0446177,0.0453006,0.0459226,0.046473,0.0469398,0.0473092,0.0475651,0.0476889,0.0476587,0.0474487,0.0470278,0.0463583,0.0453938,0.0440754,0.0423273,0.0400494,0.0371132,0.0333824,0.0289045,0.02504,0.0306267,0.0367808,0.0420964,0.0464803,0.0500236,0.0528106,0.0548974,0.0563179,0.0570905,0.0572244,0.0567233,0.055589,0.053824,0.0514339,0.0484298,0.0448298,0.0406608,0.0359598,0.0307747,0.0251645,0.0191988,0.0129571,0.00652649
0.000620948,0.00124237,0.00186478,0.00248867,0.00311453,0.00374288,0.00437421,0.005009,0.00564776,0.00629098,0.00693914,0.00759271,0.00825219,0.00891804,0.00959073,0.0102707,0.0109585,0.0116544,0.012359,0.0130726,0.0137956,0.0145286,0.0152717,0.0160255,0.0167902,0.0175661,0.0183536,0.019153,0.0199644,0.020788,0.0216241,0.0224727,0.023334,0.0242079,0.0250945,0.0259935,0.026905,0.0278285,0.0287638,0.0297104,0.0306677,0.0316352,0.032612,0.0335972,0.0345895,0.0355878,0.0365905,0.0375958,0.0386017,0.039606,0.0406059,0.0415984,0.0425803,0.0435475,0.0444956,0.0454198,0.0463142,0.0471724,0.0479873,0.0487503,0.0494522,0.0500821,0.0506277,0.0510751,0.0514081,0.0516082,0.0516542,0.0515214,0.0511818,0.0506033,0.0497502,0.048586,0.0470815,0.04524,0.043168,0.0412633,0.0406288,0.0433528,0.047297,0.0513086,0.0549397,0.0580342,0.0605391,0.0624347,0.0637097,0.0643532,0.0643535,0.0636982,0.0623762,0.0603789,0.057703,0.054352,0.0503387,0.0456868,0.0404325,0.0346261,0.0283314,0.0216264,0.0146013,0.0073565
0.000640058,0.00128062,0.00192221,0.00256536,0.00321059,0.00385843,0.0045094,0.00516403,0.00582283,0.00648632,0.00715502,0.00782944,0.00851008,0.00919746,0.00989206,0.0105944,0.0113049,0.0120241,0.0127525,0.0134905,0.0142386,0.0149972,0.0157667,0.0165476,0.0173402,0.0181449,0.0189621,0.0197921,0.0206352,0.0214916,0.0223617,0.0232455,0.0241433,0.0250552,0.0259813,0.0269214,0.0278757,0.0288439,0.0298258,0.0308211,0.0318295,0.0328504,0.0338832,0.0349271,0.0359811,0.0370443,0.0381153,0.0391926,0.0402744,0.0413589,0.0424437,0.0435261,0.0446032,0.0456716,0.0467274,0.0477661,0.0487828,0.0497719,0.0507268,0.0516404,0.0525044,0.0533096,0.0540455,0.0547004,0.0552611,0.0557127,0.0560392,0.0562228,0.0562451,0.056088,0.0557366,0.0551855,0.0544512,0.0535978,0.0527866,0.0523524,0.0528593,0.0548592,0.057746,0.0609015,0.0639362,0.0666345,0.0688771,0.0705929,0.0717331,0.0722593,0.0721383,0.0713401,0.0698387,0.0676127,0.0646473,0.0609368,0.0564864,0.0513152,0.0454577,0.0389657,0.0319088,0.0243742,0.0164651,0.00829826
0.000658688,0.0013179,0.0019782,0.00264013,0.00330425,0.00397111,0.00464125,0.00531523,0.0059936,0.0066769,0.00736567,0.00806047,0.00876182,0.00947026,0.0101863,0.0109105,0.0116434,0.0123855,0.0131373,0.0138993,0.014672,0.0154558,0.0162513,0.017059,0.0178792,0.0187123,0.0195589,0.0204193,0.0212938,0.0221828,0.0230866,0.0240056,0.0249399,0.0258897,0.0268552,0.0278366,0.0288338,0.0298469,0.0308757,0.0319202,0.0329801,0.0340551,0.0351446,0.0362481,0.037365,0.0384943,0.0396351,0.0407861,0.0419459,0.0431129,0.0442851,0.0454604,0.0466362,0.0478096,0.0489774,0.0501357,0.0512804,0.0524066,0.0535089,0.0545812,0.0556166,0.0566076,0.0575455,0.058421,0.059224,0.0599435,0.060568,0.0610864,0.0614886,0.0617677,0.0619236,0.061969,0.0619404,0.0619141,0.0620286,0.0625008,0.0635972,0.065479,0.0679267,0.0706155,0.0732696,0.0756907,0.0777423,0.0793271,0.0803709,0.0808131,0.0806004,0.0796856,0.0780262,0.0755861,0.0723371,0.0682615,0.0633551,0.05763,0.0511175,0.0438704,0.035964,0.0274965,0.0185868,0.00937146
0.000676813,0.00135418,0.00203268,0.00271289,0.00339539,0.00408076,0.00476958,0.00546241,0.00615985,0.00686246,0.00757081,0.00828549,0.00900705,0.00973607,0.0104731,0.0112188,0.0119735,0.012738,0.0135127,0.0142982,0.0150951,0.0159038,0.0167249,0.0175588,0.0184062,0.0192674,0.020143,0.0210334,0.0219391,0.0228604,0.0237978,0.0247515,0.0257221,0.0267097,0.0277147,0.0287372,0.0297774,0.0308355,0.0319114,0.0330054,0.0341171,0.0352465,0.0363934,0.0375573,0.0387378,0.0399343,0.0411461,0.0423722,0.0436117,0.0448631,0.046125,0.0473956,0.048673,0.0499547,0.0512382,0.0525204,0.0537978,0.0550665,0.0563222,0.0575601,0.0587745,0.0599597,0.0611089,0.0622153,0.0632715,0.0642701,0.0652039,0.0660671,0.066856,0.0675714,0.0682217,0.0688273,0.069428,0.0700902,0.0709134,0.0720256,0.0735504,0.0755332,0.0778666,0.0803647,0.0828361,0.085117,0.0870747,0.0886025,0.0896108,0.0900218,0.0897651,0.0887758,0.0869946,0.0843686,0.0808537,0.0764174,0.0710428,0.0647324,0.0575121,0.0494344,0.0405805,0.0310611,0.021014,0.0106008
0.00069441,0.0013894,0.00208557,0.00278353,0.00348389,0.00418724,0.0048942,0.00560536,0.00632134,0.00704273,0.00777014,0.00850418,0.00924544,0.00999452,0.010752,0.0115186,0.0122947,0.0130811,0.0138782,0.0146868,0.0155073,0.0163403,0.0171865,0.0180463,0.0189204,0.0198093,0.0207135,0.0216335,0.0225699,0.0235232,0.0244937,0.0254821,0.0264886,0.0275138,0.0285579,0.0296214,0.0307045,0.0318075,0.0329307,0.0340741,0.0352378,0.036422,0.0376265,0.0388513,0.0400961,0.0413605,0.0426442,0.0439466,0.0452668,0.0466042,0.0479575,0.0493255,0.0507067,0.0520994,0.0535017,0.0549111,0.0563251,0.0577408,0.0591548,0.0605635,0.061963,0.0633488,0.0647164,0.0660609,0.0673777,0.0686624,0.0699115,0.071123,0.0722978,0.0734412,0.0745652,0.0756914,0.0768549,0.0781059,0.07951,0.0811383,0.083046,0.0852373,0.0876425,0.0901409,0.0925938,0.0948667,0.0968376,0.0983977,0.0994484,0.0998987,0.0996627,0.0986583,0.0968082,0.0940404,0.0902918,0.0855117,0.0796664,0.0727449,0.0647643,0.0557747,0.0458628,0.0351533,0.0238075,0.0120178
0.000711452,0.00142351,0.0021368,0.00285196,0.00356961,0.0042904,0.00501494,0.00574388,0.00647785,0.00721747,0.00796338,0.00871622,0.00947662,0.0102452,0.0110226,0.0118095,0.0126065,0.0134142,0.0142332,0.0150642,0.0159079,0.0167648,0.0176355,0.0185207,0.019421,0.020337,0.0212693,0.0222185,0.0231852,0.0241699,0.0251732,0.0261957,0.0272378,0.0283002,0.0293832,0.0304874,0.0316132,0.0327609,0.0339311,0.0351239,0.0363396,0.0375786,0.038841,0.0401268,0.0414362,0.042769,0.0441252,0.0455044,0.0469065,0.0483308,0.0497767,0.0512436,0.0527304,0.0542361,0.0557593,0.0572986,0.0588521,0.060418,0.0619939,0.0635776,0.0651663,0.0667574,0.068348,0.0699354,0.0715172,0.0730915,0.0746577,0.0762166,0.077772,0.0793313,0.0809072,0.0825192,0.0841948,0.0859693,0.0878829,0.0899725,0.0922585,0.094728,0.0973258,0.099963,0.102532,0.104919,0.107012,0.108703,0.109887,0.110462,0.110329,0.109387,0.10754,0.104693,0.100762,0.0956714,0.0893663,0.0818167,0.0730256,0.0630374,0.0519427,0.0398821,0.0270449,0.0136629
0.000727917,0.00145646,0.00218629,0.00291807,0.00365245,0.00439008,0.00513163,0.00587776,0.00662913,0.0073864,0.00815023,0.00892129,0.00970024,0.0104878,0.0112845,0.0120911,0.0129083,0.0137368,0.0145771,0.0154301,0.0162963,0.0171764,0.0180711,0.0189811,0.0199071,0.0208496,0.0218095,0.0227873,0.0237837,0.0247993,0.0258349,0.026891,0.0279683,0.0290673,0.0301888,0.0313333,0.0325013,0.0336935,0.0349103,0.0361522,0.0374198,0.0387134,0.0400335,0.0413803,0.0427543,0.0441557,0.0455846,0.0470411,0.0485253,0.0500372,0.0515766,0.0531432,0.0547368,0.0563567,0.0580024,0.0596733,0.0613683,0.0630865,0.0648267,0.0665879,0.0683687,0.0701678,0.0719841,0.0738168,0.0756653,0.0775299,0.0794121,0.0813149,0.0832434,0.0852058,0.0872141,0.0892843,0.0914367,0.0936944,0.0960804,0.098611,0.101288,0.104091,0.10697,0.109854,0.112652,0.115265,0.117589,0.119515,0.120934,0.121735,0.121804,0.121022,0.11927,0.116432,0.112391,0.107046,0.100311,0.09213,0.0824844,0.0714067,0.0589886,0.0453877,0.030827,0.0155889
0.000743778,0.00148821,0.00223398,0.00298177,0.00373226,0.00448614,0.00524409,0.00600681,0.00677497,0.00754927,0.00833041,0.00911907,0.00991596,0.0107218,0.0115372,0.012363,0.0131998,0.0140484,0.0149094,0.0157836,0.0166717,0.0175745,0.0184925,0.0194267,0.0203776,0.0213461,0.0223329,0.0233387,0.0243642,0.0254102,0.0264774,0.0275665,0.0286783,0.0298135,0.0309729,0.0321571,0.0333669,0.0346029,0.0358659,0.0371565,0.0384754,0.0398233,0.0412007,0.0426083,0.0440467,0.0455164,0.0470179,0.0485517,0.0501181,0.0517177,0.0533508,0.0550175,0.0567182,0.058453,0.060222,0.0620252,0.0638626,0.0657343,0.0676401,0.06958,0.071554,0.0735623,0.0756052,0.0776835,0.0797984,0.081952,0.0841472,0.0863884,0.0886818,0.0910355,0.09346,0.0959681,0.0985741,0.101292,0.104134,0.107104,0.110193,0.113377,0.116611,0.119831,0.122959,0.125902,0.128563,0.130834,0.1326,0.133742,0.134129,0.133626,0.132089,0.129372,0.125325,0.11981,0.112703,0.103908,0.0933755,0.0811164,0.0672176,0.051853,0.0352868,0.0178657
0.000759011,0.0015187,0.00227978,0.00304295,0.00380893,0.00457842,0.00535214,0.0061308,0.00691512,0.00770582,0.00850362,0.00930924,0.0101234,0.0109469,0.0117804,0.0126246,0.0134804,0.0143484,0.0152294,0.0161242,0.0170336,0.0179583,0.018899,0.0198566,0.0208319,0.0218256,0.0228386,0.0238717,0.0249256,0.0260012,0.0270993,0.0282208,0.0293664,0.0305371,0.0317336,0.0329569,0.0342077,0.0354869,0.0367954,0.038134,0.0395037,0.0409052,0.0423394,0.0438072,0.0453094,0.0468469,0.0484205,0.0500311,0.0516795,0.0533664,0.0550928,0.0568595,0.0586671,0.0605166,0.0624088,0.0643444,0.0663243,0.0683495,0.0704208,0.0725393,0.0747064,0.0769234,0.0791922,0.0815149,0.0838942,0.0863336,0.0888373,0.091411,0.094061,0.0967954,0.0996234,0.102555,0.1056,0.108767,0.112061,0.115477,0.119005,0.122615,0.126267,0.129902,0.133449,0.136823,0.139928,0.142657,0.144892,0.146503,0.147346,0.147264,0.14609,0.14364,0.139729,0.134168,0.126782,0.117423,0.105993,0.0924661,0.0769125,0.05952,0.0406015,0.0205873
0.000773593,0.00154789,0.00232362,0.00310153,0.00388233,0.00466678,0.00545561,0.00624956,0.00704937,0.00785579,0.00866958,0.00949149,0.0103223,0.0111627,0.0120135,0.0128756,0.0137496,0.0146363,0.0155367,0.0164514,0.0173812,0.0183271,0.0192897,0.0202701,0.0212689,0.0222871,0.0233256,0.0243851,0.0254666,0.0265711,0.0276993,0.0288523,0.030031,0.0312363,0.0324691,0.0337306,0.0350216,0.0363432,0.0376964,0.0390822,0.0405017,0.041956,0.0434461,0.0449732,0.0465384,0.0481429,0.0497878,0.0514744,0.0532038,0.0549773,0.0567963,0.058662,0.0605758,0.0625392,0.0645537,0.0666208,0.0687423,0.07092,0.0731557,0.0754517,0.0778103,0.0802343,0.0827267,0.0852909,0.0879311,0.090652,0.0934589,0.0963582,0.0993569,0.102463,0.105684,0.109029,0.112505,0.116117,0.119864,0.123742,0.127733,0.131812,0.135939,0.140062,0.144113,0.148013,0.15167,0.154976,0.157809,0.160032,0.161487,0.161997,0.161365,0.159372,0.155782,0.150351,0.142834,0.13301,0.120709,0.105842,0.0884463,0.0687132,0.0470118,0.0238819
0.0007875,0.00157573,0.00236544,0.00315739,0.00395235,0.00475107,0.00555432,0.00636286,0.00717748,0.00799893,0.008828,0.00966549,0.0105122,0.0113688,0.0122363,0.0131154,0.0140069,0.0149117,0.0158305,0.0167643,0.0177139,0.0186802,0.019664,0.0206662,0.0216878,0.0227297,0.0237927,0.0248779,0.0259862,0.0271186,0.0282761,0.0294597,0.0306704,0.0319094,0.0331777,0.0344763,0.0358066,0.0371695,0.0385663,0.0399983,0.0414666,0.0429726,0.0445175,0.0461028,0.0477299,0.0494002,0.0511152,0.0528765,0.0546857,0.0565445,0.0584546,0.060418,0.0624366,0.0645124,0.0666476,0.0688445,0.0711057,0.0734339,0.0758318,0.0783028,0.0808503,0.0834782,0.0861906,0.0889924,0.0918888,0.0948856,0.0979894,0.101207,0.104547,0.108016,0.111623,0.115374,0.119276,0.123332,0.12754,0.131892,0.136375,0.140962,0.145618,0.150294,0.154929,0.159448,0.163763,0.167767,0.171337,0.174329,0.176573,0.177872,0.178001,0.1767,0.173678,0.168619,0.161193,0.151076,0.13799,0.121748,0.102317,0.079875,0.0548506,0.0279286
0.000800707,0.00160217,0.00240516,0.00321046,0.00401886,0.00483115,0.00564811,0.00647053,0.00729923,0.00813498,0.00897862,0.00983094,0.0106928,0.0115649,0.0124483,0.0133436,0.0142519,0.0151739,0.0161105,0.0170626,0.0180311,0.0190169,0.020021,0.0210443,0.0220877,0.0231523,0.0242391,0.025349,0.0264831,0.0276424,0.0288282,0.0300413,0.0312832,0.0325547,0.0338573,0.0351921,0.0365604,0.0379636,0.0394028,0.0408797,0.0423955,0.0439519,0.0455503,0.0471924,0.0488799,0.0506145,0.052398,0.0542324,0.0561197,0.0580619,0.0600614,0.0621205,0.0642417,0.0664277,0.0686813,0.0710056,0.0734038,0.0758795,0.0784365,0.081079,0.0838115,0.0866389,0.0895667,0.0926007,0.0957473,0.0990137,0.102407,0.105936,0.109608,0.113433,0.117417,0.121569,0.125894,0.130395,0.135071,0.139914,0.144913,0.150044,0.155277,0.160567,0.165861,0.171089,0.176167,0.180993,0.185445,0.189374,0.192603,0.194919,0.196068,0.195749,0.193612,0.189256,0.182242,0.172111,0.158426,0.140843,0.1192,0.0936188,0.0645872,0.0329818
0.000813193,0.00162716,0.0024427,0.00326063,0.00408175,0.00490687,0.00573681,0.00657237,0.0074144,0.00826371,0.00912114,0.00998754,0.0108637,0.0117506,0.012649,0.0135599,0.014484,0.0154224,0.0163759,0.0173454,0.018332,0.0193365,0.02036,0.0214034,0.0224678,0.0235542,0.0246636,0.0257972,0.0269561,0.0281414,0.0293543,0.030596,0.0318677,0.0331707,0.0345064,0.0358761,0.0372812,0.0387231,0.0402035,0.0417238,0.0432857,0.0448909,0.0465412,0.0482384,0.0499845,0.0517815,0.0536317,0.0555371,0.0575004,0.0595239,0.0616104,0.0637627,0.0659839,0.0682772,0.0706461,0.0730944,0.075626,0.0782455,0.0809574,0.0837668,0.0866793,0.0897008,0.092838,0.0960977,0.0994876,0.103016,0.106691,0.110522,0.114519,0.11869,0.123045,0.127592,0.132337,0.137285,0.142435,0.147783,0.153319,0.159026,0.164878,0.170838,0.176859,0.182879,0.188823,0.194595,0.200076,0.20512,0.209547,0.213133,0.215602,0.216616,0.215763,0.212552,0.20641,0.196699,0.18276,0.163999,0.140022,0.110813,0.0768974,0.0394116
0.000824935,0.00165066,0.00247802,0.00330782,0.0041409,0.0049781,0.00582025,0.0066682,0.00752279,0.00838487,0.00925532,0.010135,0.0110248,0.0119256,0.0128382,0.0137637,0.0147029,0.0156568,0.0166263,0.0176124,0.0186161,0.0196384,0.0206803,0.0217428,0.0228271,0.0239343,0.0250654,0.0262216,0.0274042,0.0286142,0.0298531,0.0311221,0.0324225,0.0337556,0.0351231,0.0365262,0.0379667,0.039446,0.0409659,0.042528,0.0441343,0.0457865,0.0474868,0.0492372,0.0510399,0.0528973,0.0548118,0.0567859,0.0588226,0.0609246,0.0630952,0.0653377,0.0676556,0.0700527,0.0725332,0.0751014,0.0777622,0.0805206,0.0833822,0.086353,0.0894395,0.0926487,0.0959881,0.099466,0.103091,0.106872,0.11082,0.114945,0.119256,0.123766,0.128483,0.133418,0.13858,0.143973,0.149601,0.155464,0.161556,0.167865,0.174372,0.181049,0.187858,0.194748,0.201652,0.208487,0.215144,0.221485,0.227333,0.232465,0.236593,0.239351,0.240274,0.23878,0.234147,0.225515,0.211917,0.192371,0.166077,0.132713,0.0927778,0.0477674
0.00083591,0.00167264,0.00251103,0.00335194,0.00419621,0.00504471,0.00589829,0.00675783,0.00762418,0.00849824,0.00938089,0.010273,0.0111755,0.0120894,0.0130154,0.0139547,0.0149081,0.0158766,0.0168612,0.0178629,0.0188827,0.0199218,0.0209811,0.0220618,0.023165,0.0242918,0.0254434,0.0266212,0.0278262,0.0290598,0.0303234,0.0316183,0.032946,0.034308,0.0357057,0.0371408,0.038615,0.04013,0.0416877,0.0432899,0.0449386,0.0466359,0.0483841,0.0501855,0.0520425,0.0539577,0.0559339,0.0579741,0.0600812,0.0622587,0.06451,0.066839,0.0692498,0.0717466,0.0743342,0.0770177,0.0798024,0.0826942,0.0856996,0.0888253,0.0920787,0.0954679,0.0990014,0.102689,0.106539,0.110564,0.114774,0.119181,0.123797,0.128634,0.133705,0.13902,0.144591,0.150427,0.156534,0.162917,0.169576,0.176506,0.183697,0.191129,0.198777,0.206602,0.214552,0.222559,0.230529,0.238342,0.245836,0.252801,0.258953,0.26392,0.267204,0.268146,0.265882,0.259297,0.247021,0.227492,0.199201,0.161185,0.113734,0.05888
0.0008461,0.00169304,0.00254168,0.0033929,0.00424757,0.00510657,0.00597078,0.00684109,0.00771839,0.00860359,0.0094976,0.0104013,0.0113157,0.0122417,0.0131803,0.0141324,0.0150991,0.0160812,0.01708,0.0180963,0.0191314,0.0201861,0.0212618,0.0223595,0.0234805,0.0246258,0.0257969,0.0269948,0.0282211,0.029477,0.0307639,0.0320834,0.033437,0.0348261,0.0362526,0.037718,0.0392243,0.0407732,0.0423667,0.044007,0.0456961,0.0474363,0.0492301,0.05108,0.0529887,0.054959,0.056994,0.059097,0.0612713,0.0635206,0.0658489,0.0682605,0.0707597,0.0733515,0.0760412,0.0788344,0.0817371,0.084756,0.0878982,0.0911714,0.0945837,0.0981443,0.101863,0.105749,0.109815,0.114072,0.118533,0.12321,0.128118,0.133271,0.138682,0.144367,0.150339,0.15661,0.163193,0.170096,0.177327,0.184888,0.19278,0.200995,0.20952,0.218332,0.227397,0.236667,0.246072,0.255518,0.264871,0.273949,0.2825,0.290172,0.296475,0.300721,0.301938,0.298772,0.289378,0.271376,0.242051,0.199092,0.142091,0.0740191
0.000855482,0.00171182,0.0025699,0.00343062,0.00429487,0.00516355,0.00603756,0.00691781,0.00780522,0.00870071,0.00960521,0.0105197,0.0114451,0.0123824,0.0133325,0.0142966,0.0152755,0.0162704,0.0172823,0.0183122,0.0193614,0.0204308,0.0215218,0.0226354,0.0237729,0.0249356,0.0261248,0.0273417,0.0285879,0.0298646,0.0311735,0.0325161,0.0338939,0.0353087,0.0367622,0.0382562,0.0397926,0.0413735,0.0430009,0.044677,0.0464042,0.0481849,0.0500218,0.0519175,0.0538751,0.0558975,0.0579881,0.0601504,0.0623882,0.0647054,0.0671065,0.069596,0.0721788,0.0748604,0.0776465,0.0805433,0.0835575,0.0866963,0.0899676,0.0933799,0.0969422,0.100665,0.104557,0.108632,0.112901,0.117378,0.122076,0.12701,0.132196,0.13765,0.143388,0.149428,0.155788,0.162483,0.169531,0.176948,0.184747,0.192942,0.201541,0.210552,0.219976,0.229809,0.240038,0.25064,0.261576,0.272787,0.28418,0.295625,0.306925,0.317794,0.327806,0.336323,0.342376,0.344476,0.340343,0.326583,0.298535,0.251042,0.181521,0.095105
0.000864039,0.00172895,0.00259565,0.00346504,0.00433803,0.00521554,0.0060985,0.00698784,0.00788448,0.00878939,0.00970351,0.0106278,0.0115633,0.0125109,0.0134717,0.0144467,0.015437,0.0164436,0.0174676,0.0185101,0.0195723,0.0206553,0.0217603,0.0228887,0.0240416,0.0252203,0.0264263,0.0276609,0.0289255,0.0302217,0.031551,0.0329151,0.0343156,0.0357543,0.037233,0.0387536,0.0403183,0.041929,0.0435881,0.0452978,0.0470607,0.0488793,0.0507565,0.0526951,0.0546984,0.0567696,0.0589123,0.0611302,0.0634274,0.0658083,0.0682775,0.07084,0.0735011,0.0762667,0.0791429,0.0821366,0.085255,0.0885059,0.0918978,0.0954401,0.0991425,0.103016,0.107072,0.111322,0.115782,0.120464,0.125384,0.130559,0.136007,0.141745,0.147793,0.154172,0.160902,0.168005,0.175503,0.183419,0.191774,0.200591,0.209892,0.219697,0.230024,0.24089,0.252307,0.26428,0.276807,0.289873,0.30344,0.317446,0.331782,0.346273,0.360631,0.374391,0.386767,0.396412,0.400937,0.396077,0.374464,0.325019,0.237844,0.12488
0.000871753,0.0017444,0.00261886,0.00349606,0.00437694,0.00526243,0.00615348,0.00705102,0.00795602,0.00886944,0.00979226,0.0107255,0.0116701,0.0126271,0.0135976,0.0145826,0.0155831,0.0166004,0.0176354,0.0186894,0.0197635,0.0208589,0.0219769,0.0231188,0.0242858,0.0254793,0.0267007,0.0279515,0.0292332,0.0305473,0.0318954,0.0332793,0.0347007,0.0361615,0.0376635,0.0392089,0.0407996,0.042438,0.0441264,0.0458673,0.0476632,0.049517,0.0514315,0.05341,0.0554557,0.0575721,0.0597631,0.0620326,0.064385,0.0668248,0.0693571,0.0719872,0.0747207,0.077564,0.0805237,0.083607,0.0868217,0.0901761,0.0936796,0.0973418,0.101173,0.105186,0.109393,0.113806,0.118441,0.123313,0.128439,0.133838,0.139529,0.145532,0.15187,0.158566,0.165645,0.173133,0.181059,0.189451,0.19834,0.207758,0.21774,0.22832,0.239534,0.251421,0.26402,0.277367,0.291501,0.306457,0.322262,0.338938,0.356486,0.374884,0.394057,0.413841,0.433891,0.453468,0.470915,0.482324,0.478227,0.436726,0.319958,0.166572
0.000878606,0.00175812,0.00263948,0.00352364,0.00441153,0.00530412,0.00620236,0.00710721,0.00801966,0.00894068,0.00987128,0.0108125,0.0117653,0.0127307,0.0137098,0.0147038,0.0157136,0.0167404,0.0177854,0.0188497,0.0199346,0.0210413,0.022171,0.023325,0.0245048,0.0257117,0.0269472,0.0282128,0.0295099,0.0308404,0.0322057,0.0336077,0.0350482,0.0365292,0.0380526,0.0396205,0.0412351,0.0428989,0.0446141,0.0463835,0.0482097,0.0500958,0.0520446,0.0540596,0.0561442,0.0583021,0.0605373,0.0628541,0.0652569,0.0677508,0.0703408,0.0730327,0.0758326,0.0787469,0.0817828,0.0849479,0.0882504,0.0916993,0.0953042,0.0990758,0.103025,0.107165,0.111508,0.116069,0.120864,0.125909,0.131224,0.136827,0.14274,0.148986,0.155589,0.162578,0.169979,0.177825,0.186149,0.194986,0.204377,0.214363,0.22499,0.236309,0.248373,0.261243,0.274984,0.289668,0.305374,0.322191,0.340215,0.359557,0.380342,0.40272,0.426871,0.453026,0.481489,0.512655,0.546933,0.584076,0.619392,0.623702,0.438688,0.22145
0.000884582,0.00177009,0.00265747,0.00354769,0.00444171,0.0053405,0.00624503,0.00715629,0.00807526,0.00900295,0.00994037,0.0108886,0.0118485,0.0128214,0.0138082,0.01481,0.0158281,0.0168634,0.0179172,0.0189907,0.0200852,0.0212018,0.0223419,0.0235069,0.0246982,0.0259171,0.0271652,0.0284439,0.029755,0.0311001,0.0324809,0.0338993,0.035357,0.0368562,0.0383988,0.0399871,0.0416234,0.04331,0.0450496,0.0468448,0.0486984,0.0506136,0.0525935,0.0546415,0.0567612,0.0589567,0.0612319,0.0635914,0.0660398,0.0685824,0.0712246,0.0739723,0.0768318,0.0798101,0.0829145,0.0861531,0.0895345,0.0930682,0.0967642,0.100634,0.104688,0.108942,0.113407,0.118101,0.123038,0.128239,0.133721,0.139507,0.145619,0.152083,0.158926,0.166177,0.173871,0.182041,0.190726,0.199971,0.20982,0.220328,0.23155,0.243553,0.256407,0.270194,0.285006,0.300948,0.318139,0.336718,0.356851,0.378732,0.402606,0.428783,0.457682,0.489903,0.526384,0.568731,0.620084,0.687657,0.791564,1,0.589643,0.28054
0.000889668,0.00178027,0.00267278,0.00356817,0.00446741,0.00537149,0.0062814,0.00719813,0.00812268,0.00905608,0.00999936,0.0109536,0.0119198,0.012899,0.0138924,0.0149011,0.0159262,0.0169689,0.0180304,0.0191119,0.0202147,0.0213401,0.0224894,0.023664,0.0248652,0.0260947,0.0273539,0.0286443,0.0299677,0.0313258,0.0327203,0.0341531,0.0356261,0.0371414,0.0387012,0.0403076,0.0419631,0.0436701,0.0454313,0.0472494,0.0491275,0.0510686,0.0530761,0.0551535,0.0573046,0.0595334,0.0618442,0.0642416,0.0667306,0.0693164,0.0720048,0.0748019,0.0777143,0.0807491,0.083914,0.0872174,0.0906683,0.0942765,0.0980525,0.102008,0.106155,0.110508,0.11508,0.119889,0.124952,0.130288,0.135917,0.141862,0.148148,0.154802,0.161855,0.169337,0.177286,0.185742,0.194747,0.20435,0.214607,0.225578,0.237332,0.249946,0.263509,0.278122,0.2939,0.310979,0.329515,0.349694,0.371738,0.395917,0.422568,0.452125,0.48517,0.522522,0.565412,0.615801,0.677016,0.754903,0.859208,1,0.639344,0.311068
0.00089385,0.00178865,0.00268538,0.00358502,0.00448857,0.00539701,0.00631136,0.00723261,0.0081618,0.00909994,0.0100481,0.0110073,0.0119787,0.0129633,0.0139622,0.0149767,0.0160078,0.0170567,0.0181247,0.019213,0.020323,0.0214558,0.0226129,0.0237956,0.0250055,0.0262441,0.0275128,0.0288134,0.0301474,0.0315167,0.032923,0.0343683,0.0358546,0.037384,0.0389586,0.0405808,0.042253,0.0439778,0.0457579,0.0475961,0.0494954,0.0514592,0.0534908,0.0555938,0.0577722,0.06003,0.0623718,0.0648022,0.0673264,0.0699498,0.0726783,0.0755181,0.0784762,0.0815598,0.0847769,0.0881362,0.0916468,0.0953188,0.0991633,0.103192,0.107418,0.111855,0.116519,0.121426,0.126595,0.132044,0.137797,0.143877,0.15031,0.157126,0.164355,0.172032,0.180198,0.188894,0.19817,0.208078,0.218681,0.230047,0.242254,0.255392,0.269563,0.284884,0.301494,0.319553,0.339248,0.360805,0.38449,0.41063,0.439624,0.47198,0.50835,0.549605,0.596942,0.652044,0.717277,0.795733,0.890365,1,0.656665,0.324387
0.000897116,0.00179519,0.00269522,0.00359819,0.00450511,0.00541698,0.00633482,0.00725965,0.00819249,0.0091344,0.0100864,0.0110497,0.0120252,0.0130141,0.0140175,0.0150366,0.0160725,0.0171266,0.0181999,0.0192938,0.0204095,0.0215485,0.022712,0.0239016,0.0251186,0.0263647,0.0276415,0.0289504,0.0302934,0.0316721,0.0330884,0.0345443,0.0360418,0.0375831,0.0391703,0.0408059,0.0424923,0.0442321,0.0460282,0.0478834,0.0498009,0.0517839,0.0538359,0.0559607,0.0581622,0.0604447,0.0628127,0.0652711,0.067825,0.0704801,0.0732423,0.0761181,0.0791145,0.082239,0.0854997,0.0889054,0.0924656,0.0961906,0.100092,0.104181,0.108472,0.112978,0.117716,0.122703,0.127957,0.1335,0.139353,0.145541,0.152093,0.159037,0.166407,0.174241,0.182579,0.191468,0.20096,0.211113,0.221994,0.233676,0.246247,0.259806,0.274466,0.290359,0.307641,0.326491,0.347122,0.369788,0.39479,0.422488,0.453321,0.487821,0.526646,0.570607,0.620706,0.678156,0.744315,0.820385,0.90652,1,0.662928,0.329815
0.000899456,0.00179988,0.00270227,0.00360764,0.00451699,0.00543135,0.00635172,0.00727915,0.00821467,0.00915935,0.0101142,0.0110804,0.012059,0.0130512,0.014058,0.0150806,0.0161203,0.0171782,0.0182556,0.0193538,0.0204741,0.0216178,0.0227865,0.0239814,0.0252042,0.0264563,0.0277394,0.0290551,0.0304052,0.0317915,0.0332159,0.0346804,0.036187,0.0377379,0.0393354,0.0409819,0.0426799,0.0444321,0.0462413,0.0481104,0.0500427,0.0520415,0.0541102,0.0562528,0.0584733,0.0607759,0.0631653,0.0656464,0.0682244,0.0709052,0.0736947,0.0765995,0.0796267,0.0827839,0.0860794,0.089522,0.0931215,0.0968883,0.100834,0.10497,0.109311,0.113871,0.118666,0.123714,0.129034,0.134646,0.140574,0.146844,0.153483,0.160523,0.167998,0.175946,0.184411,0.193442,0.203091,0.213422,0.224504,0.236418,0.249254,0.26312,0.278136,0.294448,0.312219,0.331648,0.352963,0.376437,0.402392,0.431212,0.463349,0.499339,0.539807,0.58547,0.63712,0.695559,0.761444,0.834973,0.915329,1,0.665233,0.331945
0.00090086,0.0018027,0.00270652,0.00361334,0.00452417,0.00544004,0.00636198,0.00729103,0.00822824,0.00917468,0.0101314,0.0110995,0.0120802,0.0130745,0.0140835,0.0151086,0.0161508,0.0172114,0.0182916,0.0193929,0.0205164,0.0216636,0.0228359,0.0240348,0.0252617,0.0265183,0.0278061,0.0291269,0.0304824,0.0318745,0.033305,0.034776,0.0362896,0.037848,0.0394534,0.0411083,0.0428153,0.044577,0.0463963,0.0482763,0.05022,0.052231,0.0543127,0.0564691,0.0587041,0.0610223,0.0634281,0.0659266,0.0685232,0.0712235,0.0740337,0.0769604,0.0800108,0.0831925,0.0865138,0.0899838,0.093612,0.0974091,0.101387,0.105557,0.109933,0.114531,0.119366,0.124455,0.129819,0.135478,0.141456,0.147779,0.154475,0.161576,0.169116,0.177136,0.18568,0.194797,0.204543,0.214981,0.226185,0.238237,0.251233,0.265283,0.280514,0.297076,0.315143,0.334919,0.356645,0.380605,0.407132,0.43662,0.469526,0.506379,0.547772,0.594348,0.646747,0.705515,0.770928,0.842734,0.919824,1,0.666057,0.332734
0.000901321,0.00180362,0.00270792,0.00361524,0.0045266,0.00544302,0.00636556,0.00729524,0.00823314,0.00918032,0.0101379,0.0111069,0.0120885,0.0130838,0.014094,0.0151203,0.0161639,0.017226,0.0183079,0.0194109,0.0205363,0.0216856,0.0228602,0.0240615,0.0252911,0.0265505,0.0278415,0.0291656,0.0305247,0.0319207,0.0333554,0.0348308,0.0363492,0.0379127,0.0395236,0.0411844,0.0428977,0.0446661,0.0464926,0.0483802,0.0503321,0.0523516,0.0544425,0.0566086,0.0588539,0.0611829,0.0636003,0.0661109,0.0687202,0.0714339,0.0742582,0.0771997,0.0802656,0.0834634,0.0868016,0.0902891,0.0939356,0.0977516,0.101749,0.105939,0.110336,0.114955,0.119812,0.124924,0.130311,0.135993,0.141995,0.148342,0.155063,0.16219,0.169757,0.177804,0.186377,0.195524,0.205302,0.215776,0.227019,0.239115,0.25216,0.266265,0.281562,0.2982,0.316357,0.336241,0.358094,0.382205,0.408912,0.438609,0.471757,0.508879,0.550556,0.597401,0.650005,0.708825,0.774021,0.845212,0.921231,1,0.666262,0.332932
0.000900865,0.00180272,0.00270658,0.00361346,0.00452441,0.00544045,0.00636262,0.00729198,0.00822959,0.00917652,0.0101339,0.0111027,0.0120843,0.0130796,0.0140898,0.0151162,0.01616,0.0172224,0.0183047,0.0194082,0.0205343,0.0216843,0.0228598,0.0240621,0.0252928,0.0265535,0.0278459,0.0291717,0.0305326,0.0319305,0.0333674,0.0348453,0.0363663,0.0379327,0.0395467,0.0412109,0.0429278,0.0447001,0.0465307,0.0484227,0.0503793,0.0524039,0.0545001,0.0566718,0.0589231,0.0612583,0.0636821,0.0661995,0.0688158,0.0715368,0.0743685,0.0773177,0.0803913,0.083597,0.086943,0.0904383,0.0940925,0.0979159,0.10192,0.106117,0.11052,0.115144,0.120005,0.12512,0.130509,0.136192,0.142192,0.148534,0.155249,0.162365,0.169919,0.17795,0.186501,0.195622,0.205369,0.215805,0.227002,0.239044,0.252026,0.266059,0.28127,0.297808,0.315847,0.335594,0.357287,0.381212,0.407702,0.43715,0.470015,0.506824,0.548171,0.594698,0.647047,0.705761,0.771118,0.842863,0.919889,1,0.666058,0.332734
0.000899456,0.0017999,0.00270236,0.00360785,0.00451742,0.0054321,0.00635292,0.00728096,0.00821726,0.00916292,0.010119,0.0110867,0.012067,0.0130612,0.0140704,0.0150958,0.0161386,0.0172,0.0182815,0.0193842,0.0205095,0.0216589,0.0228338,0.0240356,0.0252659,0.0265263,0.0278185,0.0291441,0.0305051,0.0319031,0.0333402,0.0348184,0.0363399,0.0379068,0.0395215,0.0411864,0.0429042,0.0446776,0.0465093,0.0484026,0.0503605,0.0523865,0.0544842,0.0566574,0.0589102,0.061247,0.0636723,0.0661911,0.0688087,0.0715308,0.0743634,0.0773131,0.0803868,0.0835921,0.0869371,0.0904306,0.094082,0.0979015,0.1019,0.106091,0.110485,0.115099,0.119946,0.125045,0.130415,0.136074,0.142047,0.148357,0.155033,0.162105,0.169606,0.177576,0.186057,0.195095,0.204747,0.215072,0.226142,0.238035,0.250844,0.264675,0.279651,0.295914,0.313632,0.333,0.35425,0.377654,0.403535,0.432275,0.464329,0.500231,0.540607,0.586175,0.637723,0.696055,0.761826,0.835234,0.915462,1,0.665234,0.331947
0.000897089,0.00179517,0.00269526,0.0035984,0.00450561,0.00541794,0.00633643,0.00726213,0.00819612,0.00913948,0.0100933,0.0110587,0.0120368,0.0130287,0.0140356,0.0150588,0.0160995,0.0171588,0.0182381,0.0193387,0.020462,0.0216093,0.0227821,0.023982,0.0252103,0.0264688,0.0277591,0.0290829,0.030442,0.0318382,0.0332735,0.03475,0.0362697,0.0378348,0.0394478,0.041111,0.042827,0.0445985,0.0464284,0.0483197,0.0502756,0.0522994,0.0543947,0.0565654,0.0588154,0.0611491,0.063571,0.0660859,0.0686992,0.0714163,0.0742433,0.0771865,0.0802528,0.0834495,0.0867847,0.0902668,0.0939052,0.0977098,0.101691,0.105862,0.110233,0.11482,0.119638,0.124702,0.130031,0.135645,0.141565,0.147816,0.154423,0.161416,0.168827,0.176694,0.185055,0.193958,0.203452,0.213597,0.224459,0.236111,0.248641,0.262148,0.276746,0.292567,0.309767,0.328526,0.34906,0.37162,0.396508,0.424087,0.454795,0.489165,0.527853,0.57167,0.621618,0.678908,0.744898,0.820785,0.906724,1,0.662933,0.32982
0.000893763,0.00178852,0.00268528,0.00358509,0.00448898,0.00539798,0.00631314,0.00723551,0.00816616,0.00910618,0.0100566,0.0110187,0.0119934,0.012982,0.0139856,0.0150054,0.0160427,0.0170986,0.0181745,0.0192717,0.0203916,0.0215355,0.0227049,0.0239012,0.0251261,0.026381,0.0276677,0.0289879,0.0303433,0.0317358,0.0331674,0.03464,0.0361557,0.0377168,0.0393256,0.0409845,0.042696,0.0444629,0.0462879,0.0481741,0.0501246,0.0521426,0.0542319,0.056396,0.0586389,0.060965,0.0633785,0.0658844,0.0684878,0.071194,0.0740089,0.0769387,0.0799902,0.0831705,0.0864873,0.0899488,0.0935642,0.0973429,0.101295,0.105433,0.109768,0.114314,0.119084,0.124096,0.129365,0.134912,0.140756,0.146919,0.153428,0.16031,0.167595,0.175317,0.183514,0.192229,0.201509,0.211408,0.221985,0.233311,0.245463,0.258531,0.272618,0.287842,0.304342,0.32228,0.341843,0.363258,0.386792,0.412772,0.4416,0.473781,0.509969,0.551034,0.598171,0.653063,0.718072,0.796284,0.890651,1,0.656678,0.324399
0.000889478,0.00177994,0.00267242,0.00356794,0.00446752,0.0053722,0.00628304,0.00720107,0.00812737,0.00906302,0.0100091,0.0109667,0.011937,0.0129211,0.0139202,0.0149355,0.0159682,0.0170195,0.0180908,0.0191833,0.0202983,0.0214374,0.0226019,0.0237933,0.0250131,0.0262629,0.0275444,0.0288592,0.0302092,0.0315961,0.0330219,0.0344885,0.0359982,0.0375529,0.0391551,0.0408072,0.0425116,0.044271,0.0460882,0.0479661,0.0499079,0.0519167,0.0539961,0.0561497,0.0583813,0.0606952,0.0630957,0.0655875,0.0681754,0.0708649,0.0736615,0.0765713,0.0796008,0.0827569,0.0860469,0.089479,0.0930616,0.096804,0.100716,0.104809,0.109094,0.113584,0.118292,0.123233,0.128424,0.133883,0.139627,0.14568,0.152063,0.158803,0.165927,0.173467,0.181457,0.189937,0.198948,0.20854,0.218766,0.229686,0.24137,0.253896,0.267353,0.281843,0.297482,0.314407,0.332777,0.352777,0.37463,0.39861,0.425052,0.454391,0.487209,0.524327,0.566971,0.617101,0.678042,0.755629,0.859596,1,0.63938,0.311098
0.000884235,0.00176946,0.00265668,0.00354693,0.00444124,0.00534063,0.00624615,0.00715884,0.00807977,0.00901002,0.00995066,0.0109028,0.0118676,0.0128461,0.0138396,0.0148491,0.0158761,0.0169215,0.0179869,0.0190734,0.0201823,0.0213152,0.0224734,0.0236583,0.0248715,0.0261146,0.0273892,0.028697,0.0300396,0.031419,0.0328371,0.0342958,0.0357971,0.0373433,0.0389366,0.0405793,0.042274,0.0440232,0.0458296,0.0476962,0.049626,0.0516221,0.053688,0.0558272,0.0580435,0.0603409,0.0627236,0.0651963,0.0677636,0.0704306,0.0732029,0.0760862,0.0790868,0.0822112,0.0854665,0.0888605,0.0924011,0.0960973,0.0999584,0.103995,0.108217,0.112637,0.117268,0.122123,0.127218,0.132569,0.138193,0.144111,0.150342,0.156912,0.163844,0.171168,0.178913,0.187114,0.195809,0.205039,0.214852,0.225298,0.236437,0.248332,0.261057,0.274695,0.289337,0.305092,0.32208,0.340442,0.360345,0.381985,0.405607,0.431522,0.460151,0.492093,0.528284,0.57033,0.621366,0.688594,0.792102,1,0.589745,0.280611
0.000878038,0.00175706,0.00263807,0.0035221,0.00441016,0.00530327,0.00620249,0.00710884,0.00802339,0.00894721,0.00988136,0.010827,0.0117851,0.012757,0.0137437,0.0147464,0.0157663,0.0168048,0.0178629,0.0189421,0.0200437,0.021169,0.0223194,0.0234964,0.0247015,0.0259363,0.0272023,0.0285013,0.0298349,0.031205,0.0326134,0.034062,0.035553,0.0370884,0.0386704,0.0403013,0.0419837,0.0437199,0.0455128,0.047365,0.0492796,0.0512597,0.0533085,0.0554296,0.0576265,0.0599031,0.0622636,0.0647123,0.0672539,0.0698931,0.0726352,0.0754858,0.0784508,0.0815365,0.0847495,0.0880971,0.0915871,0.0952275,0.0990273,0.102996,0.107144,0.111481,0.116021,0.120775,0.125757,0.130982,0.136467,0.142229,0.148286,0.15466,0.161372,0.168448,0.175914,0.183799,0.192135,0.200958,0.210306,0.22022,0.230747,0.241939,0.25385,0.266542,0.280082,0.294544,0.31001,0.326569,0.344322,0.363379,0.383869,0.405941,0.429778,0.455611,0.483743,0.51457,0.548497,0.585278,0.620221,0.624173,0.43899,0.221602
0.000870891,0.00174276,0.0026166,0.00349344,0.00437429,0.00526016,0.00615209,0.00705111,0.00795827,0.00887463,0.00980127,0.0107393,0.0116897,0.0126538,0.0136326,0.0146273,0.0156392,0.0166693,0.0177191,0.0187897,0.0198825,0.0209988,0.0221401,0.0233077,0.0245032,0.0257281,0.026984,0.0282724,0.0295952,0.0309541,0.032351,0.0337876,0.0352661,0.0367885,0.0383569,0.0399737,0.0416412,0.0433619,0.0451383,0.0469733,0.0488696,0.0508304,0.0528587,0.0549579,0.0571316,0.0593834,0.0617174,0.0641375,0.0666484,0.0692546,0.071961,0.074773,0.0776961,0.0807362,0.0838998,0.0871934,0.0906243,0.0942002,0.0979292,0.10182,0.105882,0.110126,0.114561,0.1192,0.124055,0.129139,0.134466,0.140053,0.145915,0.15207,0.158538,0.16534,0.172497,0.180034,0.187977,0.196353,0.205194,0.21453,0.224395,0.234827,0.245862,0.257542,0.269905,0.282994,0.296848,0.311504,0.326994,0.343341,0.360549,0.378596,0.397411,0.41683,0.436509,0.455709,0.472775,0.483801,0.479329,0.437483,0.320439,0.166808
0.0008628,0.00172657,0.0025923,0.003461,0.00433368,0.00521134,0.006095,0.0069857,0.00788447,0.00879237,0.00971045,0.0106398,0.0115815,0.0125367,0.0135065,0.0144921,0.0154946,0.0165153,0.0175554,0.0186162,0.0196989,0.0208049,0.0219357,0.0230925,0.0242769,0.0254903,0.0267344,0.0280108,0.029321,0.0306669,0.0320503,0.033473,0.034937,0.0364442,0.0379969,0.0395971,0.0412473,0.0429498,0.0447072,0.046522,0.0483971,0.0503354,0.0523399,0.0544138,0.0565605,0.0587836,0.0610867,0.063474,0.0659495,0.0685177,0.0711832,0.0739509,0.0768262,0.0798146,0.0829218,0.0861543,0.0895185,0.0930216,0.096671,0.100475,0.104441,0.10858,0.112899,0.117411,0.122125,0.127053,0.132208,0.137603,0.143252,0.14917,0.155373,0.161877,0.168702,0.175865,0.183386,0.191286,0.199587,0.20831,0.217478,0.227112,0.237232,0.247858,0.259004,0.270679,0.282883,0.295605,0.308812,0.322442,0.336391,0.350485,0.364439,0.377789,0.389753,0.398983,0.403093,0.397823,0.375812,0.325991,0.238474,0.12519
0.000853773,0.0017085,0.00256518,0.0034248,0.00428835,0.00515684,0.00603127,0.00691267,0.00780206,0.00870049,0.00960899,0.0105287,0.0114606,0.0124058,0.0133655,0.0143408,0.0153329,0.0163429,0.0173721,0.0184218,0.0194932,0.0205876,0.0217064,0.022851,0.0240228,0.0252233,0.0264541,0.0277167,0.0290127,0.0303439,0.0317119,0.0331187,0.0345662,0.0360562,0.0375909,0.0391724,0.0408029,0.0424847,0.0442204,0.0460123,0.0478633,0.049776,0.0517535,0.0537987,0.0559149,0.0581055,0.0603739,0.0627241,0.0651598,0.0676853,0.0703049,0.0730233,0.0758452,0.0787758,0.0818205,0.0849852,0.0882757,0.0916985,0.0952604,0.0989685,0.10283,0.106854,0.111048,0.115421,0.119982,0.124743,0.129712,0.134901,0.140322,0.145986,0.151906,0.158096,0.164569,0.171338,0.178417,0.18582,0.19356,0.201648,0.210096,0.218912,0.228098,0.237656,0.247575,0.257835,0.268403,0.279222,0.290206,0.301225,0.312089,0.322512,0.332073,0.340135,0.345732,0.347376,0.342792,0.328586,0.300105,0.252195,0.182277,0.0954793
0.000843817,0.00168858,0.00253527,0.00338487,0.00423835,0.00509672,0.00596096,0.00683209,0.00771112,0.00859908,0.00949701,0.010406,0.011327,0.0122612,0.0132097,0.0141736,0.0151541,0.0161523,0.0171695,0.0182068,0.0192656,0.0203471,0.0214526,0.0225836,0.0237414,0.0249275,0.0261434,0.0273906,0.0286707,0.0299854,0.0313364,0.0327255,0.0341544,0.0356252,0.0371398,0.0387003,0.0403088,0.0419676,0.043679,0.0454454,0.0472695,0.0491538,0.0511012,0.0531145,0.0551968,0.0573513,0.0595814,0.0618905,0.0642823,0.0667608,0.0693299,0.0719939,0.0747573,0.0776248,0.0806013,0.083692,0.0869023,0.0902381,0.0937053,0.0973101,0.101059,0.10496,0.109019,0.113244,0.117643,0.122225,0.126997,0.131969,0.137149,0.142547,0.148172,0.154034,0.160141,0.166503,0.173126,0.180018,0.187184,0.194628,0.202348,0.210341,0.218595,0.227093,0.235804,0.244685,0.253672,0.262675,0.271565,0.280165,0.288227,0.295403,0.301205,0.304948,0.305663,0.301999,0.292112,0.273626,0.243827,0.200407,0.142959,0.07445
0.000832945,0.00166682,0.0025026,0.00334125,0.00418374,0.00503105,0.00588416,0.00674406,0.00761176,0.00848827,0.00937461,0.0102718,0.011181,0.0121031,0.0130394,0.0139908,0.0149585,0.0159438,0.0169477,0.0179715,0.0190164,0.0200837,0.0211746,0.0222906,0.023433,0.0246032,0.0258027,0.027033,0.0282956,0.0295921,0.0309243,0.0322938,0.0337025,0.0351521,0.0366445,0.0381819,0.0397662,0.0413996,0.0430843,0.0448227,0.0466172,0.0484703,0.0503847,0.0523631,0.0544083,0.0565234,0.0587116,0.060976,0.0633201,0.0657474,0.0682617,0.070867,0.0735671,0.0763665,0.0792696,0.0822809,0.0854054,0.0886481,0.0920142,0.0955092,0.0991388,0.102909,0.106825,0.110895,0.115123,0.119517,0.124084,0.128829,0.13376,0.138883,0.144204,0.149728,0.155461,0.161406,0.167567,0.173943,0.180533,0.187331,0.194329,0.201509,0.208849,0.216317,0.223865,0.23143,0.238927,0.246241,0.253215,0.259645,0.265252,0.269668,0.272398,0.272788,0.269974,0.262846,0.250033,0.229977,0.201169,0.162648,0.114702,0.0593619
0.000821167,0.00164325,0.00246722,0.003294,0.00412457,0.00495989,0.00580093,0.00664866,0.00750408,0.00836817,0.00924195,0.0101264,0.0110227,0.0119317,0.0128546,0.0137925,0.0147464,0.0157176,0.0167071,0.0177161,0.0187459,0.0197978,0.0208728,0.0219725,0.0230981,0.024251,0.0254326,0.0266444,0.027888,0.0291648,0.0304764,0.0318246,0.0332111,0.0346376,0.036106,0.0376182,0.0391762,0.040782,0.0424377,0.0441456,0.0459081,0.0477274,0.049606,0.0515466,0.0535518,0.0556244,0.0577673,0.0599836,0.0622764,0.0646489,0.0671045,0.0696469,0.0722796,0.0750064,0.0778314,0.0807585,0.0837921,0.0869364,0.090196,0.0935755,0.0970795,0.100713,0.104481,0.108388,0.112439,0.116639,0.120993,0.125506,0.130181,0.135022,0.140032,0.145215,0.150569,0.156097,0.161794,0.167656,0.173674,0.179838,0.186127,0.192518,0.198978,0.205461,0.211909,0.218245,0.224367,0.230146,0.235412,0.239947,0.243469,0.245618,0.245933,0.243832,0.2386,0.229377,0.215197,0.19508,0.168226,0.134313,0.0938387,0.0482959
0.000808496,0.0016179,0.00242914,0.00324317,0.00406092,0.00488334,0.00571138,0.00654602,0.0073882,0.00823892,0.00909917,0.00996995,0.0108523,0.0117472,0.0126557,0.013579,0.014518,0.0154739,0.0164479,0.0174411,0.0184546,0.0194897,0.0205477,0.0216297,0.0227372,0.0238714,0.0250337,0.0262256,0.0274485,0.028704,0.0299935,0.0313187,0.0326813,0.0340829,0.0355253,0.0370104,0.03854,0.040116,0.0417406,0.0434158,0.0451438,0.0469268,0.0487671,0.0506672,0.0526296,0.0546568,0.0567515,0.0589165,0.0611547,0.063469,0.0658625,0.0683383,0.0708997,0.07355,0.0762928,0.0791315,0.0820697,0.0851112,0.0882596,0.0915188,0.0948925,0.0983846,0.101999,0.105739,0.109608,0.113609,0.117746,0.122021,0.126436,0.130993,0.135691,0.14053,0.145507,0.150618,0.155857,0.161213,0.166673,0.172218,0.177825,0.18346,0.189084,0.194642,0.200067,0.205273,0.210151,0.214564,0.21834,0.221261,0.22306,0.223403,0.221882,0.21801,0.211216,0.200864,0.186298,0.166922,0.142342,0.112541,0.0780437,0.039983
0.000794947,0.00159078,0.00238843,0.00318881,0.00399285,0.00480147,0.00561562,0.00643623,0.00726427,0.00810068,0.00894645,0.00980255,0.01067,0.0115498,0.0124429,0.0133505,0.0142736,0.0152132,0.0161705,0.0171467,0.0181427,0.01916,0.0201995,0.0212627,0.0223507,0.0234649,0.0246066,0.0257771,0.026978,0.0282106,0.0294764,0.030777,0.0321139,0.0334889,0.0349035,0.0363596,0.0378589,0.0394033,0.0409946,0.0426349,0.0443262,0.0460706,0.0478703,0.0497274,0.0516443,0.0536235,0.0556672,0.0577781,0.0599587,0.0622117,0.0645398,0.0669458,0.0694326,0.072003,0.07466,0.0774066,0.0802458,0.0831807,0.0862142,0.0893492,0.0925888,0.0959356,0.0993924,0.102962,0.106645,0.110445,0.114363,0.118398,0.122552,0.126824,0.13121,0.135708,0.140312,0.145014,0.149803,0.154667,0.159587,0.164539,0.169494,0.174416,0.179256,0.183956,0.188444,0.192629,0.196401,0.199621,0.202122,0.2037,0.204108,0.203051,0.200184,0.19511,0.18739,0.176568,0.162208,0.143967,0.121679,0.0954653,0.065812,0.0335924
0.000780535,0.00156194,0.00234512,0.00313099,0.00392043,0.00471438,0.00551374,0.00631944,0.00713242,0.00795361,0.00878396,0.00962445,0.010476,0.0113397,0.0122165,0.0131074,0.0140135,0.0149358,0.0158753,0.0168333,0.0178108,0.018809,0.019829,0.020872,0.0219394,0.0230322,0.0241519,0.0252997,0.0264771,0.0276853,0.0289259,0.0302003,0.0315101,0.0328567,0.0342419,0.0356672,0.0371344,0.0386451,0.0402013,0.0418047,0.0434572,0.0451608,0.0469176,0.0487295,0.0505986,0.0525272,0.0545175,0.0565716,0.058692,0.060881,0.063141,0.0654743,0.0678835,0.070371,0.0729393,0.0755908,0.078328,0.0811532,0.0840688,0.0870768,0.0901794,0.0933784,0.0966754,0.100072,0.103568,0.107165,0.110862,0.114659,0.118553,0.122541,0.126619,0.130781,0.135019,0.139323,0.143677,0.148067,0.152469,0.156858,0.161199,0.165453,0.169568,0.173484,0.177125,0.180401,0.183203,0.185398,0.186829,0.18731,0.186621,0.184511,0.180693,0.174855,0.166667,0.155809,0.142002,0.125058,0.104942,0.0818295,0.0561468,0.0285746
0.000765276,0.00153141,0.00229928,0.00306977,0.00384377,0.00462217,0.00540588,0.00619579,0.00699282,0.00779788,0.00861191,0.00943585,0.0102707,0.0111173,0.0119767,0.01285,0.013738,0.0146419,0.0155627,0.0165015,0.0174593,0.0184372,0.0194365,0.0204583,0.0215037,0.0225739,0.0236703,0.0247941,0.0259466,0.0271291,0.028343,0.0295898,0.0308708,0.0321876,0.0335416,0.0349345,0.0363678,0.0378432,0.0393623,0.0409269,0.0425388,0.0441996,0.0459114,0.0476759,0.0494952,0.051371,0.0533055,0.0553007,0.0573585,0.0594811,0.0616704,0.0639287,0.0662579,0.06866,0.0711371,0.0736911,0.0763238,0.0790371,0.0818325,0.0847114,0.0876752,0.0907247,0.0938606,0.097083,0.100392,0.103786,0.107264,0.110823,0.11446,0.118169,0.121946,0.12578,0.129663,0.133581,0.137518,0.141455,0.145367,0.149225,0.152993,0.156629,0.160081,0.163287,0.166172,0.168648,0.170612,0.171939,0.172486,0.172089,0.170557,0.167678,0.163224,0.15695,0.148616,0.138,0.124932,0.109321,0.0912024,0.070764,0.0483711,0.0245591
0.00074919,0.00149921,0.00225094,0.00300522,0.00376294,0.00452496,0.00529215,0.00606541,0.00684562,0.00763368,0.0084305,0.00923699,0.0100541,0.0108827,0.0117239,0.0125785,0.0134475,0.014332,0.015233,0.0161515,0.0170886,0.0180453,0.0190227,0.020022,0.0210443,0.0220908,0.0231626,0.0242611,0.0253874,0.0265428,0.0277287,0.0289464,0.0301973,0.0314826,0.032804,0.0341629,0.0355607,0.0369991,0.0384795,0.0400035,0.0415729,0.0431892,0.0448541,0.0465694,0.0483367,0.0501579,0.0520346,0.0539687,0.0559619,0.058016,0.0601327,0.0623138,0.0645609,0.0668756,0.0692596,0.0717142,0.0742407,0.0768404,0.0795142,0.0822629,0.0850868,0.0879862,0.0909608,0.0940097,0.0971316,0.100324,0.103585,0.106911,0.110295,0.113733,0.117215,0.120732,0.124273,0.127821,0.13136,0.134868,0.138319,0.141682,0.144921,0.147991,0.150841,0.153411,0.155628,0.157409,0.158657,0.15926,0.15909,0.158003,0.155838,0.152423,0.147573,0.141106,0.132845,0.122645,0.110404,0.0960936,0.0797824,0.0616533,0.0420144,0.0212909
0.000732294,0.0014654,0.00220017,0.00293743,0.00367804,0.00442285,0.0051727,0.00592847,0.00669102,0.00746122,0.00823996,0.00902812,0.00982662,0.0106364,0.0114583,0.0122933,0.0131424,0.0140066,0.0148868,0.015784,0.0166992,0.0176336,0.0185881,0.0195638,0.0205619,0.0215834,0.0226296,0.0237015,0.0248004,0.0259275,0.027084,0.0282713,0.0294905,0.0307431,0.0320304,0.0333538,0.0347147,0.0361144,0.0375545,0.0390364,0.0405616,0.0421317,0.0437481,0.0454124,0.0471261,0.0488908,0.050708,0.0525792,0.0545061,0.0564899,0.0585323,0.0606345,0.0627979,0.0650237,0.0673131,0.0696669,0.0720861,0.0745712,0.0771227,0.0797405,0.0824245,0.0851741,0.087988,0.0908648,0.0938019,0.0967965,0.0998444,0.102941,0.106079,0.109252,0.112451,0.115663,0.118876,0.122073,0.125235,0.12834,0.131361,0.134265,0.137017,0.139574,0.141883,0.143888,0.145521,0.146704,0.147349,0.147355,0.146612,0.144995,0.142372,0.138602,0.133542,0.127054,0.119016,0.10933,0.0979446,0.0848673,0.0701804,0.0540525,0.0367423,0.0185902
0.000714608,0.00143001,0.00214702,0.00286647,0.00358917,0.00431596,0.00504767,0.00578513,0.00652919,0.00728069,0.0080405,0.00880949,0.00958853,0.0103785,0.0111803,0.0119949,0.0128231,0.013666,0.0145244,0.0153993,0.0162918,0.0172028,0.0181333,0.0190844,0.0200572,0.0210526,0.0220719,0.0231161,0.0241864,0.0252839,0.0264099,0.0275654,0.0287518,0.0299703,0.0312222,0.0325087,0.0338312,0.0351909,0.0365892,0.0380275,0.0395071,0.0410294,0.0425957,0.0442075,0.045866,0.0475727,0.0493289,0.0511358,0.0529948,0.054907,0.0568735,0.0588956,0.0609741,0.0631098,0.0653036,0.0675559,0.0698671,0.0722373,0.0746662,0.0771535,0.0796982,0.082299,0.084954,0.0876608,0.0904163,0.0932164,0.0960563,0.0989299,0.10183,0.104748,0.107673,0.110594,0.113495,0.11636,0.119168,0.121897,0.124519,0.127002,0.129311,0.131403,0.133231,0.134739,0.135865,0.136538,0.136679,0.136201,0.135007,0.132994,0.130053,0.126071,0.120939,0.114555,0.106833,0.0977147,0.0871782,0.075251,0.0620194,0.0476343,0.0323121,0.0163276
0.000696153,0.00139308,0.00209157,0.00279242,0.00349645,0.00420444,0.0049172,0.00563556,0.00636033,0.00709233,0.00783239,0.00858137,0.0093401,0.0101094,0.0108903,0.0116835,0.0124899,0.0133106,0.0141463,0.014998,0.0158667,0.0167534,0.0176589,0.0185844,0.0195308,0.0204991,0.0214905,0.0225059,0.0235464,0.0246133,0.0257074,0.0268301,0.0279824,0.0291656,0.0303807,0.0316291,0.0329118,0.0342302,0.0355854,0.0369787,0.0384114,0.0398845,0.0413995,0.0429573,0.0445594,0.0462067,0.0479006,0.0496419,0.0514318,0.0532712,0.0551609,0.0571018,0.0590945,0.0611395,0.0632371,0.0653875,0.0675906,0.069846,0.072153,0.0745105,0.0769172,0.0793711,0.0818696,0.0844097,0.0869873,0.0895979,0.0922357,0.0948938,0.0975642,0.100237,0.102902,0.105546,0.108152,0.110705,0.113182,0.115562,0.117816,0.119915,0.121822,0.123499,0.124899,0.125972,0.126662,0.126904,0.12663,0.125763,0.124223,0.121923,0.118775,0.114691,0.109589,0.103393,0.0960476,0.0875179,0.0778026,0.0669394,0.0550121,0.0421534,0.0285444,0.0144082
0.000676951,0.00135465,0.00203387,0.00271538,0.00339996,0.00408839,0.00478146,0.00547994,0.00618464,0.00689634,0.00761587,0.00834403,0.00908164,0.00982953,0.0105886,0.0113595,0.0121434,0.0129409,0.013753,0.0145807,0.0154247,0.0162861,0.0171657,0.0180645,0.0189836,0.0199238,0.0208861,0.0218717,0.0228814,0.0239164,0.0249777,0.0260664,0.0271835,0.0283301,0.0295074,0.0307164,0.0319583,0.0332341,0.034545,0.0358921,0.0372766,0.0386994,0.0401617,0.0416645,0.0432089,0.0447958,0.0464262,0.0481009,0.0498208,0.0515865,0.0533987,0.0552578,0.0571642,0.059118,0.0611194,0.063168,0.0652633,0.0674045,0.0695906,0.0718199,0.0740905,0.0763999,0.0787451,0.0811222,0.0835268,0.0859535,0.088396,0.0908467,0.0932969,0.0957365,0.0981538,0.100535,0.102865,0.105125,0.107295,0.109353,0.11127,0.113019,0.114565,0.115871,0.116895,0.117591,0.117907,0.117788,0.117174,0.116,0.114198,0.111699,0.108433,0.104331,0.0993316,0.0933824,0.0864464,0.0785072,0.069575,0.0596921,0.0489364,0.0374231,0.0253038,0.0127609
0.000657025,0.00131477,0.00197399,0.00263543,0.00329984,0.00396798,0.00464059,0.00531846,0.00600233,0.00669298,0.0073912,0.00809776,0.00881347,0.00953911,0.0102755,0.0110235,0.0117838,0.0125574,0.0133451,0.0141478,0.0149662,0.0158014,0.0166542,0.0175255,0.0184162,0.0193273,0.0202597,0.0212144,0.0221923,0.0231945,0.0242219,0.0252755,0.0263563,0.0274653,0.0286036,0.0297722,0.0309721,0.0322043,0.0334698,0.0347696,0.0361048,0.0374762,0.0388849,0.0403316,0.0418174,0.0433429,0.044909,0.0465163,0.0481654,0.0498568,0.0515909,0.0533679,0.0551878,0.0570506,0.0589559,0.0609031,0.0628914,0.0649197,0.0669863,0.0690893,0.0712263,0.0733944,0.0755899,0.0778086,0.0800455,0.0822947,0.0845493,0.0868013,0.0890414,0.0912592,0.0934424,0.0955771,0.0976477,0.0996362,0.101523,0.103284,0.104895,0.106327,0.107549,0.108526,0.10922,0.109589,0.109587,0.109168,0.108278,0.106864,0.104871,0.102244,0.0989265,0.0948686,0.0900246,0.0843588,0.0778488,0.0704897,0.0622985,0.0533179,0.0436183,0.033299,0.0224868,0.0113314
0.000636397,0.00127349,0.00191201,0.00255267,0.0031962,0.00384332,0.00449478,0.0051513,0.00581362,0.00648249,0.00715865,0.00784287,0.00853591,0.00923854,0.00995153,0.0106757,0.0114118,0.0121606,0.0129231,0.0136999,0.0144919,0.0153001,0.0161251,0.016968,0.0178295,0.0187106,0.0196121,0.020535,0.0214802,0.0224485,0.023441,0.0244585,0.0255021,0.0265725,0.0276708,0.028798,0.0299549,0.0311424,0.0323616,0.0336132,0.0348981,0.0362172,0.0375713,0.0389612,0.0403875,0.0418509,0.043352,0.0448913,0.0464692,0.0480859,0.0497417,0.0514364,0.05317,0.054942,0.0567518,0.0585985,0.0604811,0.0623978,0.0643469,0.0663261,0.0683325,0.0703627,0.0724128,0.0744781,0.0765532,0.0786317,0.0807064,0.0827688,0.0848095,0.0868176,0.0887805,0.0906846,0.0925138,0.0942508,0.0958756,0.0973665,0.0986989,0.0998463,0.100779,0.101466,0.101871,0.101958,0.101687,0.101018,0.0999062,0.0983083,0.0961802,0.0934783,0.0901616,0.0861926,0.0815398,0.0761797,0.0701005,0.0633045,0.0558118,0.0476628,0.03892,0.0296681,0.020013,0.0100782
0.000615091,0.00123086,0.00184799,0.00246719,0.00308915,0.00371458,0.00434418,0.00497866,0.00561873,0.0062651,0.0069185,0.00757966,0.0082493,0.00892817,0.00961701,0.0103166,0.0110277,0.011751,0.0124874,0.0132376,0.0140024,0.0147826,0.0155791,0.0163927,0.0172242,0.0180744,0.0189441,0.0198344,0.0207459,0.0216795,0.0226362,0.0236168,0.0246221,0.0256531,0.0267105,0.0277953,0.0289083,0.0300503,0.0312222,0.0324247,0.0336585,0.0349245,0.0362233,0.0375556,0.0389218,0.0403225,0.0417582,0.0432291,0.0447355,0.0462774,0.0478549,0.0494676,0.0511151,0.052797,0.0545122,0.0562596,0.0580378,0.0598449,0.0616789,0.063537,0.065416,0.0673124,0.0692218,0.0711391,0.0730586,0.0749738,0.0768769,0.0787593,0.0806114,0.082422,0.0841788,0.0858677,0.0874734,0.0889784,0.0903637,0.0916083,0.092689,0.0935808,0.0942564,0.0946867,0.0948406,0.0946855,0.0941873,0.093311,0.0920214,0.0902835,0.0880632,0.0853283,0.0820494,0.078201,0.0737625,0.0687202,0.0630693,0.0568162,0.0499815,0.0426017,0.0347309,0.0264406,0.0178191,0.00896818
0.000593133,0.00118691,0.00178201,0.00237909,0.00297883,0.00358191,0.00418899,0.00480075,0.00541789,0.00604109,0.00667103,0.00730843,0.00795397,0.00860838,0.00927236,0.00994664,0.0106319,0.011329,0.0120386,0.0127614,0.0134982,0.0142498,0.015017,0.0158005,0.0166011,0.0174196,0.0182568,0.0191135,0.0199905,0.0208886,0.0218086,0.0227514,0.0237177,0.0247083,0.025724,0.0267656,0.0278339,0.0289296,0.0300534,0.0312061,0.0323882,0.0336004,0.0348432,0.0361173,0.0374229,0.0387606,0.0401305,0.0415328,0.0429676,0.0444347,0.0459341,0.0474652,0.0490274,0.0506199,0.0522416,0.0538911,0.0555668,0.0572666,0.058988,0.0607281,0.0624835,0.0642503,0.0660239,0.0677991,0.0695697,0.071329,0.0730691,0.0747814,0.0764558,0.0780814,0.0796458,0.0811352,0.0825344,0.0838267,0.0849935,0.0860148,0.0868689,0.0875322,0.0879797,0.0881849,0.0881201,0.0877567,0.0870657,0.086018,0.0845856,0.0827415,0.0804612,0.0777227,0.0745073,0.0707999,0.0665894,0.0618696,0.0566404,0.0509099,0.0446966,0.038032,0.0309613,0.0235445,0.0158545,0.00797553
0.000570548,0.00114172,0.00171415,0.00228848,0.00286537,0.00344544,0.00402936,0.00461777,0.00521134,0.0058107,0.00641654,0.00702951,0.00765029,0.00827955,0.00891798,0.00956627,0.0102251,0.0108952,0.0115772,0.012272,0.0129801,0.0137023,0.0144394,0.015192,0.015961,0.016747,0.0175508,0.0183732,0.019215,0.0200768,0.0209594,0.0218635,0.02279,0.0237395,0.0247127,0.0257105,0.0267333,0.027782,0.0288571,0.0299592,0.0310889,0.0322468,0.0334332,0.0346487,0.0358934,0.0371676,0.0384716,0.0398052,0.0411685,0.0425612,0.0439828,0.0454329,0.0469106,0.0484149,0.0499444,0.0514978,0.053073,0.0546678,0.0562795,0.0579051,0.0595409,0.0611827,0.0628258,0.0644647,0.0660932,0.0677044,0.0692903,0.0708422,0.0723501,0.073803,0.0751888,0.0764939,0.0777034,0.0788012,0.0797697,0.0805895,0.0812404,0.0817002,0.0819461,0.0819539,0.081699,0.0811563,0.0803013,0.0791105,0.0775619,0.0756364,0.0733179,0.0705944,0.0674575,0.0639021,0.0599259,0.0555288,0.0507133,0.0454865,0.0398633,0.0338683,0.0275382,0.0209216,0.0140789,0.00707948
0.000547361,0.00109531,0.00164448,0.00219546,0.00274888,0.00330535,0.0038655,0.00442994,0.0049993,0.00557422,0.00615531,0.00674322,0.0073386,0.00794207,0.0085543,0.00917594,0.00980764,0.0104501,0.0111039,0.0117699,0.0124485,0.0131407,0.0138469,0.014568,0.0153047,0.0160575,0.0168273,0.0176147,0.0184204,0.0192451,0.0200896,0.0209544,0.0218404,0.0227481,0.0236781,0.0246313,0.025608,0.026609,0.0276348,0.0286859,0.0297628,0.0308658,0.0319954,0.0331519,0.0343355,0.0355462,0.0367842,0.0380493,0.0393413,0.0406599,0.0420044,0.0433742,0.0447684,0.0461857,0.0476248,0.0490838,0.0505608,0.0520533,0.0535585,0.0550731,0.0565933,0.0581149,0.0596329,0.0611417,0.0626352,0.0641061,0.0655467,0.0669481,0.0683004,0.0695928,0.0708134,0.0719489,0.0729851,0.0739061,0.0746952,0.0753341,0.0758035,0.076083,0.0761513,0.0759864,0.0755662,0.0748688,0.0738735,0.0725612,0.0709157,0.0689246,0.0665802,0.0638801,0.0608265,0.0574255,0.0536838,0.0496067,0.0451975,0.0404598,0.0354018,0.03004,0.0244016,0.0185252,0.0124599,0.00626354
0.000523598,0.00104776,0.00157308,0.00210013,0.0026295,0.00316179,0.00369758,0.00423746,0.00478204,0.0053319,0.00588765,0.0064499,0.00701925,0.00759633,0.00818173,0.00877609,0.00938004,0.00999419,0.0106192,0.0112557,0.0119043,0.0125657,0.0132405,0.0139294,0.014633,0.015352,0.016087,0.0168387,0.0176077,0.0183947,0.0192004,0.0200252,0.02087,0.0217352,0.0226215,0.0235295,0.0244596,0.0254124,0.0263884,0.0273879,0.0284115,0.0294594,0.030532,0.0316293,0.0327516,0.0338988,0.0350709,0.0362677,0.0374888,0.0387337,0.0400019,0.0412924,0.0426042,0.043936,0.0452863,0.0466531,0.0480342,0.0494272,0.0508291,0.0522365,0.0536455,0.0550517,0.0564502,0.0578353,0.0592007,0.0605393,0.0618433,0.0631039,0.0643115,0.0654554,0.066524,0.0675043,0.0683826,0.0691438,0.0697717,0.070249,0.0705574,0.0706778,0.0705903,0.0702748,0.0697111,0.0688799,0.0677632,0.0663456,0.0646155,0.0625665,0.0601987,0.0575195,0.0545435,0.0512899,0.0477772,0.0440169,0.0400105,0.0357537,0.0312443,0.0264884,0.0215031,0.0163177,0.0109721,0.00551477
0.000499287,0.000999112,0.00150003,0.0020026,0.00250738,0.00301492,0.0035258,0.00404056,0.00455978,0.00508403,0.00561387,0.00614988,0.00669263,0.00724272,0.00780071,0.0083672,0.00894279,0.00952805,0.0101236,0.01073,0.011348,0.011978,0.0126207,0.0132767,0.0139467,0.0146312,0.0153308,0.0160462,0.0167779,0.0175266,0.0182928,0.0190771,0.0198801,0.0207024,0.0215443,0.0224065,0.0232895,0.0241936,0.0251194,0.0260671,0.027037,0.0280295,0.0290448,0.0300828,0.0311438,0.0322276,0.033334,0.0344628,0.0356135,0.0367855,0.0379782,0.0391904,0.0404212,0.041669,0.0429323,0.044209,0.0454969,0.0467934,0.0480953,0.0493994,0.0507015,0.0519974,0.0532819,0.0545495,0.0557939,0.057008,0.0581842,0.0593137,0.0603873,0.0613943,0.0623236,0.0631626,0.0638981,0.0645156,0.0649995,0.0653334,0.0655,0.0654811,0.0652581,0.064812,0.0641242,0.063177,0.0619543,0.060443,0.0586348,0.0565278,0.0541289,0.051456,0.0485384,0.0454137,0.0421185,0.0386736,0.0350741,0.0313004,0.0273336,0.0231662,0.0188048,0.0142706,0.00959616,0.00482341
0.000474454,0.000949418,0.00142542,0.00190298,0.00238264,0.00286491,0.00335034,0.00383945,0.00433279,0.00483088,0.00533426,0.00584349,0.0063591,0.00688164,0.00741167,0.00794973,0.00849639,0.00905219,0.00961772,0.0101935,0.0107802,0.0113782,0.0119883,0.0126109,0.0132466,0.0138961,0.0145597,0.0152382,0.0159321,0.0166418,0.0173681,0.0181113,0.018872,0.0196507,0.0204478,0.0212638,0.0220992,0.0229543,0.0238294,0.0247249,0.025641,0.0265779,0.0275358,0.0285146,0.0295143,0.0305348,0.0315758,0.032637,0.0337179,0.0348178,0.0359359,0.0370711,0.0382222,0.0393877,0.0405659,0.0417548,0.0429521,0.044155,0.0453605,0.0465651,0.0477649,0.0489554,0.0501316,0.051288,0.0524183,0.0535157,0.0545726,0.0555805,0.0565303,0.0574119,0.0582142,0.0589253,0.0595324,0.0600216,0.060378,0.0605859,0.0606288,0.0604892,0.0601495,0.0595915,0.0587974,0.0577501,0.0564344,0.0548379,0.0529534,0.0507813,0.0483334,0.0456375,0.0427407,0.0397083,0.0366096,0.0334851,0.0303122,0.0270402,0.0236238,0.020038,0.0162796,0.0123636,0.00831859,0.00418272
0.000449127,0.000898735,0.00134932,0.00180138,0.00225542,0.00271193,0.00317141,0.00363437,0.00410131,0.00457273,0.00504916,0.00553108,0.00601903,0.00651351,0.00701504,0.00752414,0.00804134,0.00856716,0.00910212,0.00964676,0.0102016,0.0107672,0.011344,0.0119327,0.0125336,0.0131474,0.0137746,0.0144156,0.0150711,0.0157414,0.0164272,0.0171288,0.0178467,0.0185814,0.0193333,0.0201027,0.0208902,0.0216959,0.0225201,0.0233632,0.0242252,0.0251064,0.0260068,0.0269264,0.027865,0.0288225,0.0297985,0.0307927,0.0318044,0.0328329,0.0338774,0.0349368,0.0360097,0.0370946,0.0381899,0.0392933,0.0404026,0.0415151,0.0426276,0.0437367,0.0448385,0.0459285,0.047002,0.0480533,0.0490765,0.0500648,0.0510108,0.0519063,0.0527424,0.0535094,0.0541968,0.0547929,0.0552854,0.0556611,0.0559058,0.0560042,0.0559406,0.0556982,0.0552598,0.0546077,0.0537242,0.0525922,0.0511957,0.0495212,0.04756,0.0453109,0.0427864,0.0400203,0.037079,0.0340694,0.0311269,0.0283452,0.0256496,0.0229245,0.0200835,0.0170826,0.0139122,0.0105857,0.00713192,0.0035889
0.000423334,0.00084712,0.00127182,0.00169792,0.00212586,0.00255613,0.0029892,0.00342553,0.0038656,0.00430988,0.00475885,0.005213,0.00567279,0.00613872,0.00661127,0.00709092,0.00757816,0.00807349,0.00857739,0.00909035,0.00961288,0.0101455,0.0106886,0.0112427,0.0118084,0.0123861,0.0129763,0.0135794,0.014196,0.0148264,0.0154712,0.0161308,0.0168055,0.0174958,0.018202,0.0189246,0.0196637,0.0204197,0.0211929,0.0219833,0.0227912,0.0236166,0.0244596,0.02532,0.0261977,0.0270925,0.028004,0.0289317,0.029875,0.0308331,0.0318051,0.0327899,0.0337861,0.0347923,0.0358066,0.0368269,0.0378509,0.0388759,0.0398989,0.0409165,0.0419247,0.0429192,0.0438954,0.0448478,0.0457705,0.046657,0.0475002,0.0482922,0.0490244,0.0496875,0.0502712,0.0507647,0.051156,0.0514324,0.0515803,0.0515852,0.0514317,0.0511037,0.0505842,0.0498557,0.0489001,0.0476993,0.0462354,0.0444918,0.0424547,0.0401163,0.0374813,0.0345787,0.0314858,0.0283635,0.0254836,0.0231192,0.0210168,0.0189248,0.0167032,0.014297,0.0117007,0.00893509,0.00603455,0.00304096
0.000397103,0.000794628,0.00119301,0.0015927,0.00199411,0.0023977,0.0028039,0.00321316,0.00362591,0.0040426,0.00446368,0.00488959,0.00532078,0.00575769,0.00620079,0.00665053,0.00710735,0.00757172,0.00804408,0.00852491,0.00901465,0.00951375,0.0100227,0.0105419,0.0110718,0.0116129,0.0121657,0.0127304,0.0133077,0.0138978,0.0145012,0.0151183,0.0157495,0.016395,0.0170553,0.0177306,0.0184212,0.0191273,0.0198492,0.0205869,0.0213406,0.0221102,0.0228958,0.0236973,0.0245144,0.0253468,0.0261942,0.027056,0.0279316,0.0288202,0.0297209,0.0306324,0.0315535,0.0324827,0.0334181,0.0343577,0.0352991,0.0362397,0.0371766,0.0381064,0.0390253,0.0399292,0.0408133,0.0416726,0.0425014,0.0432934,0.0440416,0.0447387,0.0453763,0.0459455,0.0464367,0.0468393,0.0471421,0.0473328,0.0473985,0.0473251,0.047098,0.0467013,0.0461183,0.0453313,0.0443218,0.04307,0.0415553,0.0397562,0.037651,0.0352187,0.0324439,0.0293278,0.0259221,0.0224154,0.0193252,0.0176312,0.0163736,0.0150549,0.0135074,0.0117015,0.0096588,0.00741947,0.00503027,0.00254039
0.000370462,0.000741317,0.00111297,0.00148583,0.00186031,0.0022368,0.00261573,0.00299749,0.00338251,0.00377119,0.00416395,0.0045612,0.00496335,0.00537083,0.00578406,0.00620345,0.00662942,0.00706239,0.00750279,0.00795104,0.00840756,0.00887276,0.00934708,0.00983091,0.0103247,0.0108288,0.0113437,0.0118697,0.0124072,0.0129566,0.0135183,0.0140926,0.0146798,0.0152803,0.0158943,0.0165221,0.017164,0.01782,0.0184904,0.0191753,0.0198747,0.0205886,0.021317,0.0220597,0.0228165,0.023587,0.0243708,0.0251674,0.0259761,0.0267962,0.0276266,0.0284662,0.0293138,0.0301677,0.0310262,0.0318874,0.0327489,0.0336081,0.0344623,0.035308,0.0361418,0.0369596,0.0377569,0.0385288,0.0392699,0.0399741,0.040635,0.0412453,0.0417972,0.0422824,0.0426914,0.0430145,0.0432408,0.0433589,0.0433562,0.0432195,0.0429344,0.0424856,0.0418567,0.04103,0.0399861,0.0387039,0.0371599,0.0353273,0.0331747,0.0306641,0.0277479,0.0243668,0.0204596,0.0160508,0.0117707,0.011707,0.0117916,0.011414,0.0105702,0.0093428,0.00781356,0.00605378,0.00412667,0.00209033
0.000343439,0.000687242,0.00103178,0.00137744,0.00172459,0.00207361,0.00242487,0.00277876,0.00313566,0.00349594,0.00385998,0.00422818,0.00460091,0.00497856,0.00536151,0.00575015,0.00614487,0.00654605,0.00695409,0.00736936,0.00779226,0.00822317,0.00866246,0.00911053,0.00956774,0.0100345,0.0105111,0.0109979,0.0114954,0.0120037,0.0125234,0.0130545,0.0135975,0.0141527,0.0147202,0.0153003,0.0158932,0.016499,0.0171179,0.0177499,0.0183951,0.0190534,0.0197247,0.0204088,0.0211056,0.0218146,0.0225354,0.0232674,0.0240101,0.0247626,0.0255239,0.0262929,0.0270684,0.0278489,0.0286325,0.0294175,0.0302016,0.0309824,0.031757,0.0325224,0.033275,0.0340112,0.0347266,0.0354165,0.0360759,0.0366989,0.0372795,0.0378109,0.0382856,0.0386958,0.0390327,0.039287,0.0394485,0.0395062,0.0394485,0.0392626,0.0389349,0.0384506,0.0377935,0.0369462,0.035889,0.0345999,0.0330534,0.0312186,0.0290566,0.0265153,0.023517,0.019932,0.0154989,0.00955761,0,0.00563456,0.00767179,0.00823921,0.00801664,0.00728602,0.0061989,0.00485546,0.00333233,0.00169426
0.000316065,0.000632463,0.00094954,0.00126764,0.00158711,0.0019083,0.00223154,0.0025572,0.00288561,0.00321713,0.00355211,0.00389089,0.00423383,0.00458128,0.0049336,0.00529113,0.00565423,0.00602325,0.00639855,0.00678048,0.00716939,0.00756563,0.00796955,0.00838149,0.0088018,0.0092308,0.00966883,0.0101162,0.0105732,0.0110402,0.0115175,0.0120052,0.0125038,0.0130134,0.0135342,0.0140664,0.0146102,0.0151657,0.015733,0.0163121,0.0169031,0.0175058,0.0181202,0.0187461,0.0193832,0.0200311,0.0206894,0.0213576,0.022035,0.0227209,0.0234142,0.0241139,0.0248188,0.0255275,0.0262383,0.0269493,0.0276585,0.0283635,0.0290616,0.0297501,0.0304255,0.0310843,0.0317224,0.0323355,0.0329188,0.0334668,0.0339739,0.0344337,0.0348392,0.0351831,0.0354572,0.0356528,0.0357603,0.0357695,0.0356695,0.0354481,0.0350925,0.0345886,0.033921,0.0330726,0.0320243,0.0307539,0.0292355,0.0274373,0.0253184,0.0228235,0.0198732,0.0163456,0.0120464,0.00668085,0,0.00315947,0.00502184,0.0058545,0.00597118,0.00558578,0.0048406,0.00383688,0.00265295,0.00135439
0.000288366,0.000577036,0.000866323,0.00115654,0.00144801,0.00174103,0.00203594,0.00233303,0.00263264,0.00293507,0.00324064,0.00354968,0.0038625,0.00417942,0.00450076,0.00482684,0.00515799,0.00549452,0.00583675,0.006185,0.0065396,0.00690084,0.00726906,0.00764455,0.00802762,0.00841858,0.00881771,0.00922531,0.00964165,0.010067,0.0105016,0.0109457,0.0113996,0.0118634,0.0123373,0.0128215,0.0133161,0.0138212,0.0143368,0.0148631,0.0153999,0.0159473,0.0165049,0.0170728,0.0176505,0.0182378,0.0188342,0.0194392,0.0200522,0.0206723,0.0212987,0.0219304,0.0225662,0.0232047,0.0238444,0.0244835,0.0251201,0.025752,0.0263767,0.0269914,0.0275932,0.0281786,0.0287439,0.029285,0.0297974,0.0302763,0.0307162,0.0311112,0.031455,0.0317407,0.0319608,0.0321071,0.0321709,0.0321427,0.0320121,0.0317682,0.0313988,0.0308908,0.0302297,0.0293994,0.0283818,0.0271561,0.0256977,0.0239769,0.0219562,0.0195875,0.0168068,0.0135309,0.00966042,0.00511946,0,0.00198148,0.00340162,0.00418578,0.00442785,0.00424533,0.00374087,0.00299854,0.0020882,0.00107035
0.000260373,0.000521019,0.000782222,0.00104426,0.00130743,0.001572,0.00183826,0.0021065,0.00237699,0.00265004,0.00292591,0.0032049,0.00348729,0.00377338,0.00406345,0.00435778,0.00465667,0.0049604,0.00526927,0.00558354,0.00590351,0.00622947,0.00656168,0.00690043,0.00724599,0.00759862,0.00795859,0.00832614,0.00870153,0.009085,0.00947675,0.00987701,0.010286,0.0107038,0.0111307,0.0115667,0.012012,0.0124666,0.0129307,0.0134041,0.0138869,0.0143789,0.0148801,0.0153902,0.015909,0.0164361,0.0169711,0.0175135,0.0180627,0.018618,0.0191786,0.0197434,0.0203114,0.0208813,0.0214517,0.0220209,0.0225871,0.0231483,0.0237022,0.0242463,0.0247778,0.0252935,0.02579,0.0262637,0.0267102,0.0271253,0.0275038,0.0278405,0.0281295,0.0283645,0.0285386,0.0286444,0.028674,0.0286185,0.0284686,0.0282142,0.0278442,0.0273465,0.0267079,0.0259139,0.0249479,0.0237913,0.0224227,0.0208165,0.0189424,0.0167636,0.014236,0.0113107,0.00794507,0.00413663,0,0.00136484,0.00241739,0.00305919,0.00330911,0.00322686,0.00287904,0.00232823,0.00163097,0.000838806
0.000232114,0.000464471,0.000697324,0.000930923,0.00116552,0.00140137,0.00163872,0.00187783,0.00211895,0.00236233,0.00260823,0.00285691,0.00310861,0.00336359,0.00362211,0.00388442,0.00415078,0.00442145,0.00469667,0.00497669,0.00526178,0.00555217,0.00584812,0.00614987,0.00645766,0.00677172,0.00709227,0.00741956,0.00775377,0.00809514,0.00844383,0.00880004,0.00916394,0.00953567,0.00991537,0.0103031,0.0106991,0.0111032,0.0115156,0.0119362,0.012365,0.012802,0.0132468,0.0136995,0.0141596,0.014627,0.0151011,0.0155816,0.0160678,0.0165591,0.0170547,0.0175538,0.0180552,0.018558,0.0190606,0.0195617,0.0200596,0.0205525,0.0210381,0.0215144,0.0219786,0.0224281,0.0228596,0.0232699,0.0236551,0.0240112,0.0243337,0.0246179,0.0248583,0.0250495,0.0251851,0.0252585,0.0252624,0.0251891,0.02503,0.0247761,0.0244175,0.0239433,0.023342,0.0226005,0.0217047,0.0206388,0.0193853,0.0179243,0.0162336,0.0142886,0.0120629,0.00953103,0.00667259,0.00348206,0,0.00106049,0.00184394,0.00232447,0.00252257,0.00247395,0.00222024,0.00180439,0.00126864,0.000653911
0.000203619,0.000407451,0.000611716,0.000816636,0.00102243,0.00122932,0.00143752,0.00164727,0.00185877,0.00207226,0.00228794,0.00250606,0.00272682,0.00295046,0.00317719,0.00340724,0.00364083,0.00387819,0.00411952,0.00436506,0.00461503,0.00486963,0.00512908,0.0053936,0.00566339,0.00593866,0.0062196,0.0065064,0.00679925,0.00709833,0.00740379,0.0077158,0.00803449,0.00836,0.00869242,0.00903186,0.00937837,0.009732,0.0100928,0.0104606,0.0108356,0.0112175,0.0116063,0.0120017,0.0124035,0.0128115,0.0132252,0.0136443,0.0140682,0.0144963,0.0149279,0.0153622,0.0157983,0.0162352,0.0166716,0.0171063,0.0175377,0.0179642,0.0183839,0.0187949,0.0191948,0.019581,0.019951,0.0203015,0.0206294,0.0209311,0.0212024,0.0214393,0.021637,0.0217904,0.0218942,0.0219423,0.0219284,0.0218457,0.0216866,0.0214431,0.0211066,0.0206677,0.0201164,0.0194416,0.0186318,0.0176743,0.0165557,0.015262,0.0137793,0.0120943,0.0101962,0.00807801,0.00573228,0.00311907,0,0.00103317,0.00157342,0.0018722,0.00198278,0.00192616,0.00172358,0.00140046,0.0009853,0.000508201
0.000174917,0.000350016,0.000525487,0.000701519,0.000878301,0.00105602,0.00123487,0.00141504,0.00159672,0.0017801,0.00196536,0.00215271,0.00234233,0.00253441,0.00272914,0.00292672,0.00312733,0.00333116,0.00353841,0.00374925,0.00396389,0.00418249,0.00440525,0.00463234,0.00486394,0.00510023,0.00534137,0.00558751,0.00583883,0.00609546,0.00635755,0.00662522,0.00689859,0.00717777,0.00746284,0.00775387,0.00805093,0.00835403,0.00866319,0.00897838,0.00929956,0.00962663,0.00995947,0.0102979,0.0106418,0.0109907,0.0113445,0.0117027,0.0120648,0.0124304,0.0127987,0.0131692,0.013541,0.0139132,0.0142847,0.0146544,0.015021,0.0153831,0.015739,0.0160869,0.0164248,0.0167507,0.017062,0.0173563,0.0176305,0.0178815,0.018106,0.0183002,0.0184601,0.0185814,0.0186592,0.0186884,0.0186637,0.0185789,0.0184278,0.0182034,0.0178984,0.0175048,0.0170144,0.0164181,0.0157068,0.014871,0.0139012,0.012789,0.0115274,0.0101131,0.00854979,0.00685258,0.00505952,0.00326197,0.00172841,0.00149877,0.00154438,0.00160813,0.00161018,0.00152436,0.00134746,0.00108859,0.000763904,0.000393593
0.000146037,0.000292226,0.000438725,0.000585691,0.000733283,0.000881658,0.00103097,0.00118139,0.00133306,0.00148615,0.00164082,0.00179721,0.00195551,0.00211585,0.0022784,0.00244332,0.00261077,0.00278091,0.00295388,0.00312986,0.00330899,0.00349142,0.00367731,0.00386681,0.00406006,0.00425721,0.00445839,0.00466373,0.00487337,0.00508743,0.00530601,0.00552923,0.00575719,0.00598995,0.0062276,0.00647019,0.00671777,0.00697034,0.00722792,0.00749048,0.00775797,0.00803031,0.0083074,0.00858909,0.00887518,0.00916546,0.00945964,0.0097574,0.0100583,0.010362,0.0106679,0.0109753,0.0112837,0.0115922,0.0119,0.0122061,0.0125093,0.0128085,0.0131023,0.0133891,0.0136674,0.0139352,0.0141906,0.0144313,0.0146549,0.0148589,0.0150402,0.0151958,0.0153223,0.015416,0.015473,0.0154889,0.0154592,0.0153788,0.0152425,0.0150445,0.0147789,0.014439,0.0140183,0.0135098,0.0129065,0.0122017,0.0113895,0.0104654,0.00942812,0.00828129,0.00703728,0.0057231,0.00439131,0.00314092,0.00215293,0.00168913,0.00149723,0.00140578,0.00132548,0.00121363,0.00105332,0.000842532,0.000588139,0.000302269
0.000117008,0.000234138,0.000351517,0.000469269,0.000587522,0.000706401,0.000826034,0.000946547,0.00106807,0.00119072,0.00131463,0.00143993,0.00156674,0.0016952,0.00182542,0.00195754,0.00209168,0.00222797,0.00236653,0.00250748,0.00265096,0.00279708,0.00294596,0.00309773,0.00325249,0.00341036,0.00357145,0.00373587,0.00390372,0.0040751,0.00425008,0.00442876,0.00461121,0.0047975,0.00498768,0.00518179,0.00537987,0.00558192,0.00578794,0.00599792,0.00621181,0.00642954,0.00665102,0.00687613,0.00710472,0.00733659,0.00757152,0.00780924,0.00804943,0.00829171,0.00853567,0.0087808,0.00902655,0.0092723,0.00951732,0.00976082,0.0100019,0.0102396,0.0104728,0.0107002,0.0109206,0.0111324,0.011334,0.0115237,0.0116994,0.011859,0.0120003,0.0121207,0.0122175,0.0122876,0.012328,0.0123352,0.0123055,0.0122348,0.0121191,0.0119536,0.0117337,0.0114543,0.0111103,0.0106965,0.0102079,0.0096401,0.00898967,0.0082552,0.00743853,0.00654671,0.00559502,0.00461128,0.00364174,0.00275751,0.00205327,0.00160762,0.00134962,0.0011923,0.00107233,0.000951373,0.000809661,0.000640094,0.000443855,0.000227344
8.78609e-05,0.000175813,0.000263952,0.000352371,0.000441166,0.00053043,0.00062026,0.00071075,0.000801995,0.000894089,0.000987129,0.00108121,0.00117643,0.00127287,0.00137065,0.00146984,0.00157055,0.00167287,0.00177689,0.00188271,0.00199042,0.00210011,0.00221187,0.00232579,0.00244196,0.00256046,0.00268136,0.00280476,0.00293073,0.00305933,0.00319064,0.00332471,0.0034616,0.00360136,0.00374403,0.00388963,0.00403819,0.00418973,0.00434422,0.00450166,0.00466201,0.00482522,0.00499122,0.00515992,0.00533119,0.00550489,0.00568084,0.00585885,0.00603866,0.00621999,0.00640252,0.00658587,0.00676962,0.0069533,0.00713636,0.0073182,0.00749814,0.00767543,0.00784924,0.00801864,0.0081826,0.00834002,0.00848966,0.00863017,0.00876008,0.00887778,0.00898153,0.00906941,0.00913938,0.00918921,0.00921649,0.00921864,0.00919286,0.00913619,0.00904544,0.00891724,0.00874808,0.00853428,0.00827214,0.00795804,0.00758863,0.00716116,0.00667398,0.00612728,0.00552415,0.00487205,0.00418488,0.00348529,0.00280689,0.00219415,0.00169504,0.00133849,0.00110136,0.000941457,0.000820188,0.000709876,0.000593865,0.000464332,0.000319846,0.000163253
5.86241e-05,0.000117309,0.000176118,0.000235115,0.000294362,0.000353922,0.000413859,0.000474236,0.000535116,0.000596563,0.00065864,0.000721411,0.000784939,0.000849288,0.00091452,0.0009807,0.00104789,0.00111615,0.00118555,0.00125615,0.001328,0.00140118,0.00147573,0.00155173,0.00162921,0.00170825,0.0017889,0.00187121,0.00195522,0.00204099,0.00212856,0.00221797,0.00230926,0.00240245,0.00249758,0.00259466,0.0026937,0.00279472,0.0028977,0.00300264,0.00310952,0.00321828,0.00332889,0.00344129,0.00355539,0.00367109,0.00378827,0.00390681,0.00402652,0.00414722,0.0042687,0.0043907,0.00451293,0.00463508,0.00475679,0.00487763,0.00499717,0.0051149,0.00523026,0.00534262,0.0054513,0.00555556,0.00565457,0.00574742,0.00583313,0.00591063,0.00597873,0.00603617,0.00608158,0.00611346,0.00613021,0.00613009,0.00611126,0.00607172,0.00600937,0.00592197,0.00580721,0.00566271,0.00548606,0.005275,0.00502749,0.004742,0.00441789,0.00405586,0.00365877,0.00323252,0.0027872,0.00233816,0.00190643,0.00151717,0.00119425,0.000949961,0.000775869,0.000651996,0.000557093,0.000474084,0.000391595,0.00030353,0.000207943,0.000105824
2.93273e-05,5.86851e-05,8.8105e-05,0.000117618,0.000147257,0.000177053,0.000207036,0.00023724,0.000267696,0.000298435,0.000329489,0.000360889,0.000392669,0.000424858,0.00045749,0.000490595,0.000524205,0.000558352,0.000593066,0.000628379,0.000664322,0.000700924,0.000738215,0.000776226,0.000814984,0.000854517,0.000894854,0.000936019,0.000978038,0.00102093,0.00106473,0.00110944,0.00115509,0.00120169,0.00124926,0.00129781,0.00134733,0.00139784,0.00144932,0.00150179,0.00155521,0.00160958,0.00166487,0.00172105,0.00177808,0.0018359,0.00189445,0.00195368,0.00201349,0.00207378,0.00213446,0.00219539,0.00225642,0.00231741,0.00237816,0.00243847,0.00249811,0.00255683,0.00261436,0.00267037,0.00272452,0.00277644,0.00282572,0.0028719,0.00291449,0.00295294,0.00298667,0.00301505,0.00303738,0.00305292,0.00306086,0.00306034,0.00305043,0.00303013,0.0029984,0.00295413,0.00289616,0.00282333,0.00273445,0.00262845,0.00250436,0.00236152,0.00219973,0.00201955,0.0018226,0.00161209,0.00139325,0.00117373,0.000963507,0.000773879,0.000614842,0.000491242,0.000400169,0.000333568,0.000282108,0.000237774,0.000194905,0.000150252,0.000102574,5.20994e-05
